Ticker,Date,Time,Open,High,Low,Close,Vol
BA,20030303,1600,27.1687,27.2668,26.5017,26.5900,4066300
BA,20030304,1600,26.5768,27.2829,26.3904,26.9200,5462000
BA,20030305,1600,26.9265,26.9265,26.0240,26.2300,5300600
BA,20030306,1600,26.0916,26.1897,25.5031,25.6600,4497700
BA,20030307,1600,25.3108,25.4481,24.9183,25.3500,6361900
BA,20030310,1600,25.2065,25.6969,24.9712,25.0300,3705000
BA,20030311,1600,25.1422,25.3482,24.6321,24.7400,3400400
BA,20030312,1600,24.6700,24.9348,24.2580,24.6700,4288500
BA,20030313,1600,24.9286,25.0267,24.4187,24.8600,6496300
BA,20030314,1600,24.7658,25.7466,24.6873,25.0600,6480800
BA,20030317,1600,25.0071,26.5663,24.8305,26.3800,5838600
BA,20030318,1600,26.8488,27.8788,26.4858,27.3000,5973600
BA,20030319,1600,27.3610,27.8023,27.0177,27.4100,3544200
BA,20030320,1600,27.3685,27.6235,26.8486,27.2900,3723400
BA,20030321,1600,27.6973,27.7071,26.4909,27.5600,6547300
BA,20030324,1600,27.2652,27.2652,26.4217,26.5100,3703800
BA,20030325,1600,26.7323,27.1247,26.3203,26.8500,3913900
BA,20030326,1600,26.8413,26.8707,25.7037,25.8900,5804200
BA,20030327,1600,25.8923,26.0492,25.4019,26.0100,4391200
BA,20030328,1600,25.7962,25.7962,25.4921,25.6000,3035600
BA,20030331,1600,24.5211,25.0998,24.3740,24.5800,5626000
BA,20030401,1600,24.8857,25.4645,24.7190,25.1800,5666000
BA,20030402,1600,25.4830,26.2481,25.4045,26.1500,4855500
BA,20030403,1600,26.4225,26.5794,25.9223,26.0400,3491100
BA,20030404,1600,26.2744,26.3333,25.5977,25.9900,3452200
BA,20030407,1600,26.5857,27.2724,26.5857,26.8800,4935100
BA,20030408,1600,26.6340,27.1932,26.3887,26.8400,3953700
BA,20030409,1600,26.8323,27.5090,26.7931,26.9500,4074200
BA,20030410,1600,26.9525,26.9525,25.9129,26.5700,4948600
BA,20030411,1600,26.5681,26.5779,25.2048,25.9600,4940600
BA,20030414,1600,25.9747,26.7300,25.8472,26.7300,3568800
BA,20030415,1600,26.3874,26.7700,26.0441,26.7700,4156200
BA,20030416,1600,26.8362,26.9343,26.0515,26.1300,3340000
BA,20030417,1600,26.1302,26.2087,25.5319,26.1400,4471300
BA,20030421,1600,26.1425,26.5937,26.1425,26.2700,3541400
BA,20030422,1600,26.0929,27.2798,26.0831,27.2700,6410800
BA,20030423,1600,27.4627,28.1100,27.1194,27.6000,9115300
BA,20030424,1600,27.4041,27.8945,26.9921,27.1000,5179200
BA,20030425,1600,27.2978,27.3174,26.6406,26.6700,3800600
BA,20030428,1600,26.2223,26.9385,25.9869,26.8600,5494500
BA,20030429,1600,26.8573,27.3085,26.8573,27.2300,4308500
BA,20030430,1600,26.8777,27.0935,26.7110,26.7600,5511900
BA,20030501,1600,26.6488,26.7764,26.4821,26.5900,3222300
BA,20030502,1600,27.0206,28.2171,26.9617,28.0700,5679400
BA,20030505,1600,27.5804,27.8452,26.9233,27.0900,7041100
BA,20030506,1600,26.9723,27.7177,26.8742,27.6000,5460100
BA,20030507,1600,27.6046,28.4188,27.4770,27.8400,4667700
BA,20030508,1600,27.4627,27.8648,27.4038,27.6000,2937400
BA,20030509,1600,28.0006,28.5400,27.7554,28.5400,4133600
BA,20030512,1600,28.3476,29.4069,28.2789,29.2500,5077900
BA,20030513,1600,29.2056,29.2056,28.7250,28.9800,3775600
BA,20030514,1600,29.2972,29.4254,28.7349,29.0900,3427600
BA,20030515,1600,29.1483,29.8388,29.0990,29.7500,4674300
BA,20030516,1600,29.9409,30.3454,29.6943,30.0100,5223000
BA,20030519,1600,29.6469,29.6567,28.5616,28.6800,4525600
BA,20030520,1600,28.7768,28.8557,28.2342,28.5400,3770300
BA,20030521,1600,28.4100,28.9032,28.1634,28.4100,3248700
BA,20030522,1600,28.4140,28.8580,28.3746,28.7100,2495900
BA,20030523,1600,28.6329,30.2017,28.3764,29.5900,5766800
BA,20030527,1600,29.5888,29.5987,29.0166,29.5000,4648200
BA,20030528,1600,29.5458,30.2364,29.4965,29.9700,4420500
BA,20030529,1600,29.9841,30.4478,29.4119,29.5500,3599100
BA,20030530,1600,29.7963,30.4475,29.7470,30.2600,4221300
BA,20030602,1600,30.6816,32.0331,30.5829,31.5300,7347400
BA,20030603,1600,31.5320,31.7195,31.2755,31.6800,4382800
BA,20030604,1600,31.6892,33.1888,31.6004,33.1000,7432700
BA,20030605,1600,33.1017,33.4964,32.8156,33.2300,4630100
BA,20030606,1600,33.6896,34.7057,33.4923,34.3900,6821800
BA,20030609,1600,33.9333,34.2292,32.3846,32.7200,5990200
BA,20030610,1600,33.3567,34.7675,32.5576,33.8500,6225800
BA,20030611,1600,33.8448,34.9200,33.5390,34.9200,5272900
BA,20030612,1600,35.4180,35.4180,34.4610,35.2700,4915300
BA,20030613,1600,35.2644,35.4519,34.5542,34.8600,5022400
BA,20030616,1600,35.1702,35.9496,34.9236,35.9200,4441200
BA,20030617,1600,35.4134,36.8536,35.0484,35.6600,5796100
BA,20030618,1600,35.5177,35.5276,34.7876,35.3500,8157400
BA,20030619,1600,34.9707,35.2370,34.6254,35.0200,4700200
BA,20030620,1600,35.0204,35.3459,34.7245,35.0500,5822300
BA,20030623,1600,34.3749,34.7301,33.8915,34.0000,4890800
BA,20030624,1600,33.9019,34.6320,33.8624,34.0400,4073000
BA,20030625,1600,34.0783,34.6801,33.7823,33.9500,2362500
BA,20030626,1600,33.7624,34.4136,33.6637,33.9400,2801200
BA,20030627,1600,33.8389,34.3322,33.7403,33.7600,2376000
BA,20030630,1600,34.0869,34.3138,33.5739,33.8600,4958800
BA,20030701,1600,33.6375,34.2786,33.4402,34.1800,5643300
BA,20030702,1600,33.9551,34.4582,33.7874,34.3300,3997100
BA,20030703,1600,33.8338,34.1889,33.7648,34.1100,2253500
BA,20030707,1600,34.4117,34.7274,34.2440,34.5400,3692500
BA,20030708,1600,34.6483,34.7272,33.9182,34.5200,3123500
BA,20030709,1600,34.5331,35.0757,34.1680,34.7600,3452000
BA,20030710,1600,34.3581,34.6738,34.0424,34.2200,2102900
BA,20030711,1600,34.2561,34.7100,34.1969,34.7100,2088700
BA,20030714,1600,34.9189,34.9484,34.0311,34.1100,4114700
BA,20030715,1600,32.9999,33.5918,32.5559,32.9900,9281500
BA,20030716,1600,32.9499,33.4925,32.6243,32.9400,3692800
BA,20030717,1600,32.7003,33.1047,31.6842,32.7200,3626000
BA,20030718,1600,32.7619,32.9000,32.0812,32.9000,4037600
BA,20030721,1600,32.5512,32.5512,31.7029,31.9100,4525500
BA,20030722,1600,31.7650,32.3076,31.7650,32.1300,4450000
BA,20030723,1600,31.8061,32.8025,31.3227,32.2500,4801900
BA,20030724,1600,32.1647,32.4113,31.7601,31.7700,5820600
BA,20030725,1600,31.1252,32.3288,30.7405,32.2400,4221200
BA,20030728,1600,32.2412,32.5470,32.0636,32.3300,3329700
BA,20030729,1600,32.1626,32.4290,31.5608,31.6200,3513500
BA,20030730,1600,31.5670,32.1195,31.5670,32.0800,3245200
BA,20030731,1600,32.1768,32.9462,32.1768,32.6700,5215800
BA,20030801,1600,32.2661,32.5521,31.9405,31.9800,3544300
BA,20030804,1600,31.7703,32.2143,31.5236,31.7900,3233900
BA,20030805,1600,31.5300,31.7471,30.8000,30.8000,3912600
BA,20030806,1600,30.8289,31.8253,30.5823,31.4800,3255300
BA,20030807,1600,31.2928,31.5493,30.9278,31.5000,1665500
BA,20030808,1600,31.5043,32.0963,31.4944,31.8200,2745000
BA,20030811,1600,31.9676,32.1156,31.2868,31.7900,2166300
BA,20030812,1600,31.6866,32.1799,31.6274,32.1700,2119500
BA,20030813,1600,32.1695,32.4571,31.9613,32.1100,1844800
BA,20030814,1600,32.2339,32.7794,31.8570,32.7100,2276500
BA,20030815,1600,32.8783,32.8783,32.3923,32.6700,1663800
BA,20030818,1600,32.8240,33.3793,32.7248,33.3000,2986800
BA,20030819,1600,33.3459,34.0598,33.2468,34.0400,4553700
BA,20030820,1600,34.0403,34.3377,33.6833,34.0700,3063100
BA,20030821,1600,34.2137,34.9574,34.1938,34.6500,3912000
BA,20030822,1600,35.3503,35.9750,35.1519,35.3800,6420200
BA,20030825,1600,35.3770,35.4761,34.8414,35.0100,2976200
BA,20030826,1600,34.9043,35.4992,34.8150,35.4100,3392900
BA,20030827,1600,35.3541,36.0483,35.0466,35.8400,3830900
BA,20030828,1600,35.8370,36.7592,35.7180,36.6700,3999200
BA,20030829,1600,36.6040,37.1494,36.2767,37.0800,2781100
BA,20030902,1600,36.9833,37.4693,36.9337,37.3800,2984800
BA,20030903,1600,37.4848,38.5756,37.1972,38.0500,4937300
BA,20030904,1600,38.0561,38.4429,37.4808,37.5800,3161100
BA,20030905,1600,37.5739,37.5739,36.4930,36.8500,3938900
BA,20030908,1600,37.1359,37.2747,36.4318,36.6500,4605700
BA,20030909,1600,36.4465,36.6052,35.9507,36.0300,3460200
BA,20030910,1600,35.8753,36.1827,35.0324,35.3200,4059000
BA,20030911,1600,35.3208,35.7968,34.8151,35.4200,3921400
BA,20030912,1600,35.4195,35.6971,35.1716,35.3600,3478300
BA,20030915,1600,35.1207,35.3786,34.9224,35.2100,2238400
BA,20030916,1600,35.1828,35.6488,35.1828,35.5100,3047000
BA,20030917,1600,35.4276,35.5566,35.1400,35.1400,1595600
BA,20030918,1600,35.3838,36.0383,35.1855,35.8400,3374000
BA,20030919,1600,35.8371,36.2932,35.3710,35.4900,3482600
BA,20030922,1600,35.1553,35.1553,34.4215,34.6000,2881500
BA,20030923,1600,34.4038,35.0286,33.9773,34.8600,3356500
BA,20030924,1600,34.6143,34.7928,33.8010,33.9200,3030300
BA,20030925,1600,33.6783,34.2039,33.3808,33.4800,3055500
BA,20030926,1600,33.5416,34.0970,33.4226,33.7300,3042000
BA,20030929,1600,34.1600,34.5566,34.0212,34.1600,3373500
BA,20030930,1600,33.8615,34.3077,33.6037,34.0400,2740400
BA,20031001,1600,34.2169,35.0698,34.1177,35.0500,2726400
BA,20031002,1600,34.7127,35.1590,34.5243,35.0400,2339300
BA,20031003,1600,35.5401,36.0161,35.2723,35.5500,3515900
BA,20031006,1600,35.3018,35.6191,34.9646,35.5100,2134000
BA,20031007,1600,35.8006,35.9890,35.2353,35.8700,2188900
BA,20031008,1600,35.6031,36.1387,35.4544,35.9800,2246800
BA,20031009,1600,36.4205,36.9460,36.2519,36.4800,3631100
BA,20031010,1600,36.6896,36.9276,36.5706,36.6400,2575900
BA,20031013,1600,36.6528,36.9900,36.5933,36.9900,2160600
BA,20031014,1600,36.6913,36.9193,36.5128,36.8400,2873800
BA,20031015,1600,36.6107,36.7792,36.3033,36.6900,2814800
BA,20031016,1600,36.4954,37.3681,36.4061,37.1400,2848300
BA,20031017,1600,37.1878,37.4358,36.8804,36.9300,2148500
BA,20031020,1600,36.7418,37.2972,36.6129,36.9600,1907700
BA,20031021,1600,36.9447,36.9447,36.0223,36.3000,2314200
BA,20031022,1600,35.8997,36.0881,35.6517,35.8600,2131400
BA,20031023,1600,35.8582,35.8582,35.2235,35.6400,2305800
BA,20031024,1600,35.1569,35.9800,35.1569,35.9800,2004400
BA,20031027,1600,35.9681,36.1863,35.6210,35.7400,1524900
BA,20031028,1600,35.7499,36.0772,35.0161,35.7400,3785900
BA,20031029,1600,36.9404,38.5767,36.7916,38.1800,8121500
BA,20031030,1600,38.6781,38.8864,38.3607,38.4500,5708600
BA,20031031,1600,38.5766,38.6758,37.7932,38.1700,3036000
BA,20031103,1600,38.2230,38.9272,38.2230,38.5900,2627100
BA,20031104,1600,38.3505,38.7373,38.1918,38.4100,2155300
BA,20031105,1600,38.6271,38.6767,37.9924,38.2800,2642100
BA,20031106,1600,38.0444,38.7287,38.0444,38.5700,2929000
BA,20031107,1600,38.8775,38.9073,38.3916,38.5800,2592000
BA,20031110,1600,38.6786,38.6786,38.0736,38.5100,2263500
BA,20031111,1600,38.2777,38.4661,37.7422,38.0000,2376000
BA,20031112,1600,37.9936,39.1392,37.9537,38.9200,2911600
BA,20031113,1600,38.8633,39.9991,38.8633,39.7500,4061400
BA,20031114,1600,39.8272,39.8471,38.8211,39.1000,1889900
BA,20031117,1600,38.8528,39.8191,38.7532,39.5900,3391600
BA,20031118,1600,39.0984,39.5168,38.3612,38.6800,5336500
BA,20031119,1600,38.4530,39.4692,38.3833,39.2500,2442000
BA,20031120,1600,38.9510,39.4192,38.7617,39.2000,2614700
BA,20031121,1600,39.1981,39.3276,38.3514,38.7100,2793600
BA,20031124,1600,38.8994,38.8994,37.8734,38.7400,6189700
BA,20031125,1600,38.5184,38.7475,38.0502,38.1100,3817300
BA,20031126,1600,38.0503,38.2296,37.4626,38.1300,3481100
BA,20031128,1600,38.2300,38.5986,38.0906,38.2400,1210600
BA,20031201,1600,37.4517,38.5274,37.4517,37.8700,7158500
BA,20031202,1600,37.8493,38.3175,37.4509,37.6800,6297800
BA,20031203,1600,37.7325,38.5294,37.5034,38.3700,3782800
BA,20031204,1600,38.3723,39.0497,38.2029,38.9600,3092300
BA,20031205,1600,38.7066,38.7863,37.7205,37.8500,4324900
BA,20031208,1600,38.0336,38.9700,38.0037,38.9700,2956200
BA,20031209,1600,38.8982,38.9679,38.0017,38.4300,3342500
BA,20031210,1600,38.3514,38.8495,38.1422,38.7200,3180500
BA,20031211,1600,38.7525,39.4598,38.7525,39.4100,3057400
BA,20031212,1600,39.3395,39.3395,38.7518,39.2200,2608500
BA,20031215,1600,39.5780,39.7174,39.0500,39.0500,2758700
BA,20031216,1600,39.0130,39.8298,39.0130,39.7700,2845500
BA,20031217,1600,39.8135,40.9291,39.8135,40.7000,5534600
BA,20031218,1600,40.8214,41.2199,40.5326,41.1900,3143500
BA,20031219,1600,41.5690,41.7882,40.9913,41.3200,5971500
BA,20031222,1600,41.3304,41.7189,41.1312,41.4400,2771000
BA,20031223,1600,41.5608,41.8398,41.5011,41.7800,2127200
BA,20031224,1600,41.4391,41.6981,41.1303,41.2000,1341300
BA,20031226,1600,41.3399,41.4993,41.1905,41.3100,502900
BA,20031229,1600,41.3818,41.8699,41.2124,41.8400,1873300
BA,20031230,1600,42.4886,43.2059,42.0104,42.1200,4884800
BA,20031231,1600,42.3884,42.3984,41.7309,41.9800,2432900
BA,20040102,1600,42.3381,42.5373,41.5511,41.8300,3146700
BA,20040105,1600,42.0395,42.4181,41.7805,41.9100,4115500
BA,20040106,1600,41.8397,41.8397,41.3118,41.7700,2515800
BA,20040107,1600,41.7713,42.4886,41.5322,42.1200,4219200
BA,20040108,1600,42.3314,42.9689,42.0924,42.6900,3114600
BA,20040109,1600,42.6294,44.3525,42.3704,42.4700,4080900
BA,20040112,1600,42.4791,42.4791,41.8914,42.2500,2449200
BA,20040113,1600,42.1398,42.3091,41.4424,42.0800,2383600
BA,20040114,1600,42.4320,43.1293,42.3922,42.9400,2968000
BA,20040115,1600,43.0294,43.2286,42.5413,42.8700,2353500
BA,20040116,1600,43.2822,43.8400,42.8937,43.8400,2644100
BA,20040120,1600,44.3746,44.5340,42.8108,43.0100,5003600
BA,20040121,1600,43.0614,43.6491,42.7327,43.4300,3585400
BA,20040122,1600,43.2280,43.4571,42.7101,42.7300,2591800
BA,20040123,1600,42.6862,42.9153,41.4808,41.6900,4071200
BA,20040126,1600,41.6922,42.3796,41.4930,42.2800,2867500
BA,20040127,1600,42.1386,42.4375,41.4911,41.7800,2111800
BA,20040128,1600,41.7884,42.4359,41.3402,41.3800,3394700
BA,20040129,1600,42.3392,42.5186,41.8411,42.1400,3339600
BA,20040130,1600,41.8390,41.9885,41.3609,41.5900,2648800
BA,20040202,1600,41.5035,42.9178,41.4338,42.3700,3297800
BA,20040203,1600,42.3722,43.3085,42.0435,42.9300,3800700
BA,20040204,1600,42.9318,44.0773,42.8820,43.3900,5417700
BA,20040205,1600,43.4628,44.2797,43.4130,44.1900,3405300
BA,20040206,1600,44.1900,44.8474,43.8214,44.1800,4877300
BA,20040209,1600,44.0291,44.1785,43.5509,43.7900,3042800
BA,20040210,1600,43.6498,43.7295,43.3310,43.6000,2803500
BA,20040211,1600,43.6000,44.6100,43.3200,44.4900,3146000
BA,20040212,1600,44.3000,44.4800,44.0200,44.3700,1798300
BA,20040213,1600,44.2000,44.6600,44.1700,44.4500,1935900
BA,20040217,1600,44.6000,44.7500,44.3900,44.6000,2101100
BA,20040218,1600,44.9000,45.1000,44.3800,44.5900,2962600
BA,20040219,1600,44.9000,44.9600,44.4000,44.5200,3531800
BA,20040220,1600,44.6500,44.9400,44.3000,44.3400,3277100
BA,20040223,1600,44.5400,44.5700,43.0900,43.6200,4039400
BA,20040224,1600,43.3000,43.7300,42.9000,43.2200,3146900
BA,20040225,1600,43.2200,44.0600,43.0900,43.8200,3079600
BA,20040226,1600,43.0000,43.7200,41.9700,42.4400,7138600
BA,20040227,1600,42.6500,43.5700,42.6500,43.3700,6752700
BA,20040301,1600,43.3800,43.8700,43.0000,43.7700,2622000
BA,20040302,1600,43.5500,43.8600,42.9800,43.3300,2843200
BA,20040303,1600,43.0700,43.4000,42.9600,43.0600,2838400
BA,20040304,1600,42.8700,43.0000,42.2200,42.6300,2423400
BA,20040305,1600,42.5500,42.9000,42.1400,42.7200,3163700
BA,20040308,1600,42.7200,42.8500,42.4000,42.4200,2552800
BA,20040309,1600,42.2000,42.7000,41.4100,41.6800,3561800
BA,20040310,1600,41.7500,41.7500,40.7300,41.1200,3745800
BA,20040311,1600,41.0000,41.1200,40.0700,40.1500,3113400
BA,20040312,1600,40.0800,40.3900,38.8700,40.3000,4599100
BA,20040315,1600,39.9500,40.4600,39.4300,39.7800,3114000
BA,20040316,1600,38.9800,39.5900,38.9800,39.4100,3629000
BA,20040317,1600,39.5500,39.8900,39.4800,39.8000,2581800
BA,20040318,1600,39.7500,39.9300,39.3000,39.7200,2352800
BA,20040319,1600,39.7200,40.0500,39.3700,39.4300,2732400
BA,20040322,1600,38.4300,38.9000,38.0400,38.6800,4475800
BA,20040323,1600,38.9300,39.8900,38.9300,39.1100,3495900
BA,20040324,1600,38.7300,39.2700,38.3400,39.0300,3381100
BA,20040325,1600,39.2500,39.9000,39.1000,39.7200,2025300
BA,20040326,1600,39.5200,39.7700,39.1000,39.3500,3591900
BA,20040329,1600,39.8000,40.0200,39.6000,39.9300,2133500
BA,20040330,1600,39.8000,40.4300,39.7000,40.3300,2467300
BA,20040331,1600,40.5000,41.3500,40.3200,41.0700,3416500
BA,20040401,1600,41.0700,41.2700,40.6000,40.7700,2315900
BA,20040402,1600,41.1000,42.0400,41.0500,41.8400,3273200
BA,20040405,1600,41.8500,42.5800,41.8500,42.5400,2391800
BA,20040406,1600,42.3500,42.4000,42.1100,42.3600,1925000
BA,20040407,1600,42.1600,42.3600,41.5100,41.7600,2845300
BA,20040408,1600,41.9500,42.2300,41.2000,41.3500,2152000
BA,20040412,1600,41.7000,42.1900,41.6000,42.1500,1606200
BA,20040413,1600,42.1700,42.6000,41.6800,41.7800,2586000
BA,20040414,1600,41.7300,41.9000,41.4200,41.5700,1666800
BA,20040415,1600,41.8500,42.0300,41.1100,41.5300,1516200
BA,20040416,1600,42.0300,42.2400,41.4000,41.5000,2625100
BA,20040419,1600,41.6300,41.7100,41.3900,41.4900,1312800
BA,20040420,1600,41.4700,41.7000,40.5500,40.5500,2292100
BA,20040421,1600,40.4900,41.2200,40.3100,40.8500,2137500
BA,20040422,1600,41.7000,42.6300,41.3500,42.2700,3583200
BA,20040423,1600,42.1600,42.7500,41.8700,42.4500,2225600
BA,20040426,1600,43.1500,43.5000,42.9300,43.2400,3311100
BA,20040427,1600,43.2400,44.0000,43.2400,43.5500,2892200
BA,20040428,1600,44.0500,44.9000,43.5500,44.0300,6048100
BA,20040429,1600,44.0300,44.1500,43.0700,43.2500,2485400
BA,20040430,1600,43.2500,43.2800,42.6000,42.6900,2675700
BA,20040503,1600,43.2500,44.0000,43.2000,43.5800,2806900
BA,20040504,1600,43.5800,43.6600,43.0100,43.2800,3223200
BA,20040505,1600,43.1300,44.0900,43.0000,43.7600,2519100
BA,20040506,1600,43.6800,44.3000,43.5000,43.9300,3401400
BA,20040507,1600,43.6000,44.0500,43.3100,43.4000,2263900
BA,20040510,1600,43.0000,43.2800,42.2900,42.5900,3666900
BA,20040511,1600,42.5000,43.3600,42.4100,43.1800,3322000
BA,20040512,1600,43.2000,43.5800,42.7000,43.5800,2733700
BA,20040513,1600,43.6300,43.8400,43.1800,43.5900,1543600
BA,20040514,1600,42.9016,43.3893,42.7523,43.2400,2710000
BA,20040517,1600,42.5001,43.4059,42.2911,42.5300,2454500
BA,20040518,1600,42.6408,42.9992,42.5015,42.8200,1477200
BA,20040519,1600,43.1000,44.1100,43.0400,43.3800,3016800
BA,20040520,1600,43.1400,43.2200,42.7500,42.9200,2281200
BA,20040521,1600,43.1500,43.4600,43.0000,43.4000,2493000
BA,20040524,1600,44.2200,44.6000,44.0200,44.5600,3803600
BA,20040525,1600,44.5500,44.9200,44.2500,44.7000,3989900
BA,20040526,1600,44.3500,44.9800,44.1300,44.7600,3432900
BA,20040527,1600,45.0000,46.6200,44.9100,46.2000,6691500
BA,20040528,1600,46.0000,46.5000,45.4500,45.8000,5323600
BA,20040601,1600,45.9000,46.3000,45.5100,45.8800,4211300
BA,20040602,1600,47.2200,47.2200,45.9000,46.7500,4115400
BA,20040603,1600,46.4500,46.6500,46.1000,46.1000,2363100
BA,20040604,1600,46.3000,47.0300,46.2000,46.9000,2832700
BA,20040607,1600,47.5000,48.4000,47.4700,48.1300,5770800
BA,20040608,1600,48.0000,48.1300,47.6200,48.0900,3664400
BA,20040609,1600,48.0900,48.8200,48.0500,48.6600,3340400
BA,20040610,1600,48.6200,48.8300,48.4400,48.7500,2532500
BA,20040614,1600,48.5000,48.9800,48.3700,48.8300,4028000
BA,20040615,1600,49.9000,49.9000,48.9000,49.2500,7011800
BA,20040616,1600,49.4700,49.8290,49.3100,49.8100,1537600
BA,20040617,1600,49.5800,49.6900,49.3400,49.4700,3540400
BA,20040618,1600,49.3200,49.9500,49.2400,49.8000,4066600
BA,20040621,1600,49.6500,49.9200,49.4700,49.5000,2346100
BA,20040622,1600,49.3500,49.7900,49.3300,49.6700,2640700
BA,20040623,1600,49.5000,50.7500,49.4000,50.6700,3559100
BA,20040624,1600,50.2600,50.7800,50.1100,50.3500,2463300
BA,20040625,1600,50.4200,51.3500,50.4000,51.3000,4850500
BA,20040628,1600,51.3000,51.4900,50.1000,50.2100,2968500
BA,20040629,1600,49.9900,50.7000,49.8200,50.5100,3127500
BA,20040630,1600,50.5100,51.2300,50.4200,51.0900,2692000
BA,20040701,1600,50.1000,50.5300,49.5700,49.9000,3591700
BA,20040702,1600,49.5200,49.6900,48.8400,49.5200,2820700
BA,20040706,1600,49.9000,50.1100,49.0700,49.3100,4004200
BA,20040707,1600,49.5500,49.8300,49.1300,49.3900,2882300
BA,20040708,1600,49.3900,50.2700,48.8200,49.9700,3536200
BA,20040709,1600,49.9400,50.2500,49.8800,50.0400,2353100
BA,20040712,1600,49.9500,50.3000,49.7500,50.2000,2947400
BA,20040713,1600,50.2000,50.3700,49.9200,50.2100,1709900
BA,20040714,1600,50.2600,50.6500,49.1500,49.3200,2811600
BA,20040715,1600,49.1000,49.4700,48.3400,49.1400,3533600
BA,20040716,1600,49.6000,49.6100,49.0000,49.1300,2191100
BA,20040719,1600,49.3500,49.5300,48.4800,48.6700,2645900
BA,20040720,1600,48.6800,48.8600,48.3100,48.7000,2277400
BA,20040721,1600,48.7000,49.0900,47.7200,47.7200,3197200
BA,20040722,1600,47.7200,48.0300,46.4000,47.3000,6510000
BA,20040723,1600,47.3100,47.3800,46.6100,47.0600,2905500
BA,20040726,1600,47.1000,47.4200,46.8900,47.0000,2238500
BA,20040727,1600,47.3500,48.3500,47.1100,48.2200,2979300
BA,20040728,1600,48.7400,49.7700,48.5100,49.0100,4192600
BA,20040729,1600,49.4000,49.9500,49.2100,49.6800,2885700
BA,20040730,1600,49.9000,51.2500,49.7400,50.7500,4844300
BA,20040802,1600,50.2000,51.0500,50.1600,50.9100,2417200
BA,20040803,1600,50.9400,51.4600,50.6100,50.7600,3478000
BA,20040804,1600,50.6000,51.0000,50.3000,50.6400,1949000
BA,20040805,1600,51.0000,51.1800,50.0000,50.0100,2862300
BA,20040806,1600,49.9700,49.9700,48.2700,48.3300,3667000
BA,20040809,1600,48.8000,48.9400,48.4600,48.7600,2382900
BA,20040810,1600,48.5100,49.0800,48.5100,49.0800,544100
BA,20040811,1600,49.2500,49.7900,48.5300,49.6800,2992200
BA,20040812,1600,49.4400,49.7500,48.6400,49.3300,2987600
BA,20040813,1600,49.7000,49.8000,49.2000,49.7200,2226700
BA,20040816,1600,49.7200,51.0700,49.6400,50.9500,4286400
BA,20040817,1600,51.2000,51.3200,50.1800,50.3100,3607200
BA,20040818,1600,50.2900,50.7500,49.9300,50.7400,2006100
BA,20040819,1600,50.7400,50.8300,49.9500,50.2500,2199900
BA,20040820,1600,50.0000,50.5600,49.9700,50.4600,3430000
BA,20040823,1600,50.7500,50.7600,50.3500,50.6500,2112700
BA,20040824,1600,50.7300,51.0000,50.3900,50.9100,1713800
BA,20040825,1600,51.5500,52.8200,51.1500,52.5000,7318100
BA,20040826,1600,52.5100,52.6500,51.9300,52.0700,3363600
BA,20040827,1600,52.1300,52.6000,51.8800,51.9900,1457000
BA,20040830,1600,51.9900,52.5100,51.8100,51.8700,1615000
BA,20040831,1600,51.9000,52.2200,51.6900,52.2200,2246400
BA,20040901,1600,52.1000,52.5800,52.0600,52.3300,1117000
BA,20040902,1600,52.3900,53.6900,52.3600,53.5900,3714800
BA,20040903,1600,53.6800,53.9500,53.1000,53.1000,2888500
BA,20040907,1600,53.4000,54.0100,53.4000,53.9700,2965800
BA,20040908,1600,53.6100,54.3200,53.6000,54.0400,2165000
BA,20040909,1600,53.9700,54.1700,53.2300,53.2600,2572000
BA,20040910,1600,52.8500,54.2000,52.6500,54.1500,3128100
BA,20040913,1600,54.1500,54.8600,53.8100,54.2800,2988800
BA,20040914,1600,54.2900,54.4900,53.7200,53.9200,1938800
BA,20040915,1600,54.0500,54.2500,53.3900,53.4000,596400
BA,20040916,1600,53.8000,54.5700,53.6700,54.5200,2396600
BA,20040917,1600,54.7300,55.2400,54.5600,55.1500,3318500
BA,20040920,1600,54.7500,55.1900,54.4200,54.7400,2458000
BA,20040921,1600,54.7100,55.0500,54.5200,54.7000,2631800
BA,20040922,1600,54.3000,54.4400,53.4100,53.6800,2831300
BA,20040923,1600,53.2000,53.2500,52.5800,53.0000,4001900
BA,20040924,1600,52.9800,53.4000,52.7900,53.1400,2748300
BA,20040927,1600,52.9000,53.0000,52.3000,52.5100,2092500
BA,20040928,1600,52.5100,52.7200,51.7500,52.1000,1828400
BA,20040929,1600,51.4200,51.4200,50.5000,51.0100,5992800
BA,20040930,1600,50.8500,51.9900,50.6200,51.6200,3846000
BA,20041001,1600,51.6200,52.4900,51.4200,52.4800,3386800
BA,20041004,1600,52.5500,52.8700,50.8800,52.3200,4832900
BA,20041005,1600,52.0000,52.0700,51.3000,51.4900,3402200
BA,20041006,1600,51.4900,52.3600,51.1400,52.3600,2485700
BA,20041007,1600,52.4900,52.4900,51.3200,51.3200,1998800
BA,20041008,1600,51.1200,51.2400,49.8900,50.1000,3952100
BA,20041011,1600,50.1100,50.4900,49.9700,50.2600,2236000
BA,20041012,1600,50.2700,50.5600,49.8100,50.4000,2509300
BA,20041013,1600,50.7100,51.0900,49.9200,50.2300,2272300
BA,20041014,1600,50.1500,51.0000,50.1500,50.2500,3048600
BA,20041015,1600,50.5000,51.2800,50.1800,50.1900,3467700
BA,20041018,1600,49.5500,49.8300,49.2500,49.5900,3079100
BA,20041019,1600,49.1000,50.0000,48.8500,49.8120,1671100
BA,20041020,1600,49.3000,49.5500,48.5200,48.9100,1649300
BA,20041021,1600,48.9500,49.9800,48.8100,49.5600,3705800
BA,20041022,1600,49.5000,50.1000,49.0700,49.5100,2456400
BA,20041025,1600,49.0500,49.3200,48.1000,49.0000,4022100
BA,20041026,1600,48.8200,50.1700,48.6500,49.9800,3880100
BA,20041027,1600,51.0000,51.2500,49.8000,50.1000,5435700
BA,20041028,1600,50.1100,50.4500,49.5400,49.9600,2938800
BA,20041029,1600,49.9700,50.2200,49.8000,49.9000,2720200
BA,20041101,1600,50.1000,50.1700,49.6500,49.9500,2526500
BA,20041102,1600,50.0500,50.5400,49.6600,49.8800,2806900
BA,20041103,1600,51.0000,52.1000,50.9400,51.1500,5451900
BA,20041104,1600,50.8500,50.9200,50.1700,50.5900,4875700
BA,20041105,1600,50.8000,51.3700,50.4100,51.1500,4380400
BA,20041108,1600,51.1500,52.4800,51.0600,52.0700,4025700
BA,20041109,1600,51.8500,52.8900,51.6000,52.8000,2510200
BA,20041110,1600,51.9594,52.5792,51.8808,52.5300,4082800
BA,20041111,1600,52.5444,53.4397,52.5444,53.4200,4110600
BA,20041112,1600,53.3256,53.5126,52.6566,53.0600,2654800
BA,20041115,1600,52.9729,53.3467,52.7368,53.1500,3782300
BA,20041116,1600,53.1300,53.2874,52.8545,53.1300,2752200
BA,20041117,1600,53.4173,54.3224,53.3583,53.8600,4262400
BA,20041118,1600,54.2551,54.5798,53.7632,53.9600,3064900
BA,20041119,1600,53.9625,53.9625,52.9000,52.9000,2915200
BA,20041122,1600,52.8934,53.1000,52.3916,53.1000,3036900
BA,20041123,1600,53.0860,53.4598,52.5449,53.4500,3228500
BA,20041124,1600,53.4466,53.6138,52.8859,53.2400,3231200
BA,20041126,1600,53.2482,53.3564,53.0220,53.1400,1456100
BA,20041129,1600,53.1435,53.4977,52.4155,52.7500,2666800
BA,20041130,1600,52.5819,53.1624,52.5721,52.7000,2455500
BA,20041201,1600,52.7279,53.8100,52.6984,53.8100,2976100
BA,20041202,1600,53.6158,54.0094,53.4191,53.9700,2433500
BA,20041203,1600,54.0255,54.3895,53.7107,54.3600,3358700
BA,20041206,1600,54.3617,54.3617,53.6337,53.8600,2272900
BA,20041207,1600,53.8638,54.1098,52.8505,52.8800,2738000
BA,20041208,1600,53.0713,53.1008,51.5662,51.9400,4284000
BA,20041209,1600,51.8216,52.1266,51.3495,51.9200,4347100
BA,20041210,1600,51.7766,52.1308,51.4815,51.5700,4107600
BA,20041213,1600,53.4926,53.4926,51.4166,51.8200,2921900
BA,20041214,1600,52.0655,52.1639,51.6424,51.7900,3101600
BA,20041215,1600,51.9238,51.9238,51.4418,51.5500,3598200
BA,20041216,1600,51.5548,51.6434,50.9547,51.2400,3512700
BA,20041217,1600,51.1578,52.5351,51.1381,52.2400,5306600
BA,20041220,1600,52.2419,52.8913,52.2321,52.3600,2348100
BA,20041221,1600,52.3926,52.8058,51.8614,52.5500,2676400
BA,20041222,1600,52.7940,53.4139,52.7547,53.0400,1999100
BA,20041223,1600,52.8764,52.9748,52.4534,52.6600,1110900
BA,20041227,1600,52.5261,52.7819,52.0539,52.2900,1467500
BA,20041228,1600,52.1145,52.6753,52.1145,52.3900,996600
BA,20041229,1600,51.8006,51.8105,50.9348,51.2300,4026500
BA,20041230,1600,51.4043,51.6503,50.7845,51.0600,2591900
BA,20041231,1600,50.9300,51.2448,50.8513,50.9300,1675700
BA,20050103,1600,51.0057,51.3992,50.0908,50.1400,3749900
BA,20050104,1600,50.3210,50.3210,49.0716,49.1700,4657900
BA,20050105,1600,49.1931,50.3048,48.7503,49.9900,5336700
BA,20050106,1600,49.8568,50.2896,49.5223,49.6600,3076700
BA,20050107,1600,49.6869,50.0313,49.2934,49.5000,1957100
BA,20050110,1600,49.3138,50.4943,49.2843,50.1500,2877800
BA,20050111,1600,50.2066,50.2755,49.8032,50.0000,2044100
BA,20050112,1600,50.1752,51.1197,50.1260,51.1000,4126100
BA,20050113,1600,51.0594,51.3054,49.7706,49.8100,4252500
BA,20050114,1600,49.7850,50.1687,49.2930,50.0900,3084500
BA,20050118,1600,49.6823,51.1285,49.6332,51.0400,3537400
BA,20050119,1600,50.7669,51.0227,50.4816,50.5800,2723200
BA,20050120,1600,50.2768,50.6802,50.0603,50.0800,2457500
BA,20050121,1600,49.8306,50.1553,49.2010,49.2600,2593000
BA,20050124,1600,49.5189,49.7845,48.7219,48.8400,3019300
BA,20050125,1600,49.3350,49.3940,48.7152,49.0300,2954600
BA,20050126,1600,48.7549,49.5222,48.7155,49.0500,3530800
BA,20050127,1600,48.7333,50.1695,48.7333,50.1400,4708800
BA,20050128,1600,50.1430,50.1528,48.7362,49.1100,3717100
BA,20050131,1600,49.4357,49.8095,49.2586,49.7800,3894400
BA,20050201,1600,49.7772,50.3477,49.4033,50.2100,2684700
BA,20050202,1600,51.3505,52.0293,50.5832,51.3800,6095300
BA,20050203,1600,52.0947,52.0947,51.1010,51.1600,4199200
BA,20050204,1600,51.1102,52.0448,51.0610,51.7300,3324900
BA,20050207,1600,51.5713,51.8369,51.4532,51.6500,3731200
BA,20050208,1600,51.7938,52.7480,51.5381,52.6300,6070700
BA,20050209,1600,52.8772,53.5295,52.7388,53.4900,4835300
BA,20050210,1600,53.4970,53.8034,53.0126,53.2400,3634700
BA,20050211,1600,53.1245,53.6681,52.7292,53.5100,2204300
BA,20050214,1600,53.3803,53.6966,53.0937,53.4100,2882800
BA,20050215,1600,53.6221,54.1855,53.3849,53.8000,3302200
BA,20050216,1600,53.5274,53.6657,53.1814,53.3000,2767500
BA,20050217,1600,53.5738,53.8209,52.9609,53.0400,4133800
BA,20050218,1600,53.0497,53.0497,51.9427,52.1700,4805100
BA,20050222,1600,51.7477,51.9454,51.4709,51.5500,3327100
BA,20050223,1600,52.1891,52.4955,51.9519,52.1100,4072900
BA,20050224,1600,52.5885,53.3200,52.3513,53.3200,3890600
BA,20050225,1600,52.9762,54.3895,52.7093,54.3500,4502800
BA,20050228,1600,54.2608,54.4091,54.0730,54.3300,4608600
BA,20050301,1600,54.3443,54.5914,53.6327,53.8600,4279200
BA,20050302,1600,53.8198,54.7786,53.7408,54.6600,4414100
BA,20050303,1600,54.8126,57.4025,54.6841,56.7600,8889100
BA,20050304,1600,56.9587,58.0558,56.3262,57.7000,6625600
BA,20050307,1600,56.8491,57.7386,56.5822,57.6200,6256100
BA,20050308,1600,57.6382,58.0039,57.1439,57.4800,4604500
BA,20050309,1600,57.1788,57.3765,56.7736,57.0800,3505800
BA,20050310,1600,57.0925,57.6856,57.0234,57.3100,3411000
BA,20050311,1600,57.1758,57.5415,56.5334,56.8200,3275100
BA,20050314,1600,56.8324,57.3167,56.6348,57.0400,3272300
BA,20050315,1600,57.1773,58.2547,56.9599,57.8000,4775300
BA,20050316,1600,57.6222,57.8397,56.0408,56.1100,4868300
BA,20050317,1600,56.0916,56.6451,56.0521,56.2300,3839200
BA,20050318,1600,56.3913,56.5297,55.9168,56.5000,5497600
BA,20050321,1600,56.3381,56.5358,55.9230,56.1800,2053200
BA,20050322,1600,56.3425,57.0345,56.2931,56.5600,3646500
BA,20050323,1600,56.5656,56.7336,55.9627,56.1900,3041300
BA,20050324,1600,56.3574,56.5749,56.0115,56.1400,1806400
BA,20050328,1600,56.6392,57.4597,56.5997,57.4300,3104100
BA,20050329,1600,57.0645,57.4994,56.3429,56.5900,5307200
BA,20050330,1600,56.5878,58.1199,56.5878,58.1100,3652600
BA,20050331,1600,58.1062,58.1062,57.2660,57.7800,3385300
BA,20050401,1600,57.8727,58.4361,57.6256,58.1000,3853800
BA,20050404,1600,57.9169,58.0355,57.3337,57.6500,2961100
BA,20050405,1600,57.6401,58.7569,57.3733,57.6500,4414900
BA,20050406,1600,58.0366,58.0959,57.6709,57.7500,2595600
BA,20050407,1600,57.7765,58.4585,57.6282,58.3300,3491900
BA,20050408,1600,58.3154,58.3252,57.7421,57.9200,2527400
BA,20050411,1600,58.0676,59.1152,58.0676,58.7100,4269300
BA,20050412,1600,58.7089,58.8572,57.0781,57.7700,6787500
BA,20050413,1600,57.9702,58.3656,57.7725,57.9900,3825800
BA,20050414,1600,58.3697,58.6366,57.4603,57.4900,3730000
BA,20050415,1600,57.3778,57.8127,56.3400,56.3400,3339600
BA,20050418,1600,55.9931,56.6554,55.5681,56.2600,3497700
BA,20050419,1600,56.2734,57.6869,55.9670,57.4200,3570000
BA,20050420,1600,57.4300,57.6969,56.5700,56.5700,3940900
BA,20050421,1600,57.1842,58.4000,57.0557,58.4000,3354900
BA,20050422,1600,57.8722,58.1589,56.5774,57.2100,3050700
BA,20050425,1600,58.1190,59.0679,58.1190,58.8900,3492300
BA,20050426,1600,59.1602,59.3085,57.4798,58.3200,5073300
BA,20050427,1600,57.8135,59.4049,57.5763,58.9700,7408000
BA,20050428,1600,59.3052,59.3052,57.9313,58.0400,4778800
BA,20050429,1600,58.3457,58.9091,57.5846,58.8300,3698600
BA,20050502,1600,58.8284,59.1842,58.2156,58.6900,4266800
BA,20050503,1600,58.9625,59.7039,58.5474,59.1800,4469400
BA,20050504,1600,59.0562,59.7777,58.9474,59.5800,3287500
BA,20050505,1600,59.4058,59.6826,58.9017,59.0500,3144000
BA,20050506,1600,59.4797,60.5372,59.4302,60.3000,3279200
BA,20050509,1600,60.0478,60.2554,59.4646,59.8600,3871300
BA,20050510,1600,59.8556,61.7730,59.7963,60.3300,9135400
BA,20050511,1600,60.5952,60.9227,59.0666,59.9500,5590900
BA,20050512,1600,60.0797,60.7943,59.8117,60.0400,5362500
BA,20050513,1600,60.4295,60.4295,58.1767,59.0500,4180500
BA,20050516,1600,59.2553,60.0394,59.0866,59.9600,2244300
BA,20050517,1600,60.0431,60.5095,59.7652,60.4500,3440300
BA,20050518,1600,60.7139,62.0439,60.7139,61.2300,4602800
BA,20050519,1600,61.5848,61.8031,60.5228,60.8900,3531700
BA,20050520,1600,61.2811,61.7674,61.0430,61.4300,3716900
BA,20050523,1600,61.4877,61.6564,61.0807,61.1800,3197700
BA,20050524,1600,60.9364,62.1174,60.7578,61.7800,3656800
BA,20050525,1600,61.2679,61.3374,60.6625,60.9900,3101500
BA,20050526,1600,61.5870,62.5299,61.4878,62.5200,2998900
BA,20050527,1600,62.5301,62.9272,62.3515,62.5500,2591500
BA,20050531,1600,62.5367,63.7177,62.4374,63.4200,4241200
BA,20050601,1600,63.4689,63.5681,62.8734,63.3200,3613800
BA,20050602,1600,63.3243,64.0191,63.0365,63.9000,2667400
BA,20050603,1600,63.6738,64.4975,63.6142,64.1700,4526900
BA,20050606,1600,64.3950,65.2684,64.1568,65.0600,4055000
BA,20050607,1600,65.0877,65.5939,64.7900,64.7900,6010100
BA,20050608,1600,64.5855,64.9627,63.7617,63.9900,4191000
BA,20050609,1600,63.9947,64.6994,63.5581,64.6200,3461400
BA,20050610,1600,64.5570,64.5669,63.6241,64.1600,3192300
BA,20050613,1600,64.5568,64.8545,63.4354,64.1400,5477400
BA,20050614,1600,64.1969,64.3160,62.3806,62.4600,6143900
BA,20050615,1600,62.9275,63.9300,62.7389,63.9300,3944800
BA,20050616,1600,63.7658,63.7757,63.1703,63.2100,2825700
BA,20050617,1600,63.6636,64.2888,63.2170,64.1300,4531600
BA,20050620,1600,63.4183,63.6168,63.1007,63.1900,2991500
BA,20050621,1600,62.9254,62.9353,62.2207,62.3100,4041000
BA,20050622,1600,61.9354,62.8982,61.7369,62.6600,3498200
BA,20050623,1600,62.6705,62.7201,61.3305,61.4000,2894100
BA,20050624,1600,61.1323,61.4400,60.0407,60.1300,4432100
BA,20050627,1600,59.9005,61.3496,59.2553,61.3000,6830500
BA,20050628,1600,61.6326,61.9800,60.8089,61.9800,3937100
BA,20050629,1600,61.9842,62.1628,60.9420,61.2100,3215800
BA,20050630,1600,65.0038,66.3436,63.8129,65.5000,17247000
BA,20050701,1600,65.2817,65.4603,63.9518,64.1900,6861500
BA,20050705,1600,63.8184,64.9499,63.6894,64.9300,3317300
BA,20050706,1600,65.0110,65.6164,63.7207,63.8100,3954300
BA,20050707,1600,63.4990,64.6900,62.9730,64.6900,5567400
BA,20050708,1600,64.5800,64.7487,64.0242,64.5800,3715300
BA,20050711,1600,64.7579,64.9961,64.2914,64.4800,2037100
BA,20050712,1600,64.4751,64.4850,63.6711,63.8200,2920800
BA,20050713,1600,63.8121,64.3976,63.7129,64.0900,3112700
BA,20050714,1600,64.4572,64.7351,63.8816,64.0900,2257000
BA,20050715,1600,64.0913,64.3890,63.7439,64.2600,2023300
BA,20050718,1600,64.2599,64.3691,63.7637,64.2500,1902500
BA,20050719,1600,64.5092,65.0054,64.1420,64.4000,2226400
BA,20050720,1600,64.3990,65.7785,64.1410,65.5800,2610000
BA,20050721,1600,65.6865,65.8155,65.2001,65.2200,4864100
BA,20050722,1600,64.9060,65.7893,64.7671,65.7000,2629100
BA,20050725,1600,65.5004,66.2844,65.4805,65.5500,2962700
BA,20050726,1600,66.1080,66.6142,65.6317,65.8500,4117700
BA,20050727,1600,67.1925,67.4406,66.0710,66.2000,5188800
BA,20050728,1600,66.2046,66.2642,65.1030,65.5000,4947300
BA,20050729,1600,65.7085,66.3139,65.5100,65.5100,3560000
BA,20050801,1600,65.8059,65.9945,65.1508,65.2600,2367900
BA,20050802,1600,65.2544,65.8995,65.1948,65.8300,2318300
BA,20050803,1600,65.4850,66.1798,65.3560,66.1500,2238100
BA,20050804,1600,66.1372,66.2662,65.5120,65.7700,2651100
BA,20050805,1600,65.6305,66.0175,65.5114,65.6900,2142300
BA,20050808,1600,65.7977,65.9961,65.1427,65.4900,2242400
BA,20050809,1600,65.8062,66.9873,65.4786,66.6300,3282400
BA,20050810,1600,66.9055,67.0648,65.3514,65.7100,3096800
BA,20050811,1600,65.8546,67.0500,65.7849,67.0500,3112400
BA,20050812,1600,67.0571,67.2464,65.8517,66.2900,2823000
BA,20050815,1600,66.1441,67.4192,66.0943,67.2000,2160100
BA,20050816,1600,67.1457,67.4645,66.0200,66.0200,3280800
BA,20050817,1600,66.1324,67.3178,66.1225,66.7600,2432800
BA,20050818,1600,66.6888,66.9279,65.9616,66.3800,2912600
BA,20050819,1600,66.4417,67.1888,66.2624,66.8900,2281600
BA,20050822,1600,67.1315,68.1177,67.0817,67.5300,3433000
BA,20050823,1600,67.3892,67.6382,66.8911,67.1700,2310200
BA,20050824,1600,67.0393,67.6868,66.8202,66.8700,3524400
BA,20050825,1600,66.8703,67.1393,66.7906,66.9500,2529100
BA,20050826,1600,66.8968,66.8968,65.8408,66.0600,2822300
BA,20050829,1600,65.8457,67.3997,65.8158,67.3200,2974400
BA,20050830,1600,67.0479,67.2970,66.2011,66.4900,3158600
BA,20050831,1600,66.6405,66.8397,65.7838,66.7600,3137700
BA,20050901,1600,66.3975,66.5967,65.6205,65.7400,4073800
BA,20050902,1600,64.6280,64.6878,63.7115,64.1000,6810400
BA,20050906,1600,64.1225,65.1984,64.0030,64.7800,4783600
BA,20050907,1600,64.5488,64.5688,63.7519,64.2500,4501900
BA,20050908,1600,64.5492,64.6488,64.0710,64.3400,4331600
BA,20050909,1600,64.5822,65.3791,64.5224,65.1500,4205100
BA,20050912,1600,64.9000,65.1988,64.4915,64.8900,2733300
BA,20050913,1600,64.8910,65.3990,64.8611,65.1500,2891500
BA,20050914,1600,65.1654,65.4444,63.7308,63.9400,3534900
BA,20050915,1600,63.9434,64.9495,63.7043,64.8300,4252500
BA,20050916,1600,65.1975,65.1975,64.2213,64.5500,5205900
BA,20050919,1600,64.2585,64.3581,62.7940,63.8600,3725400
BA,20050920,1600,63.6085,64.2162,63.1004,63.2100,3842600
BA,20050921,1600,62.2298,63.0765,61.7715,62.1700,4645800
BA,20050922,1600,62.1106,62.5688,61.8118,62.2700,3215700
BA,20050923,1600,62.3224,63.2091,62.1630,62.9600,3297800
BA,20050926,1600,65.2468,65.6951,63.9917,64.4200,5909100
BA,20050927,1600,64.7459,66.4594,64.6163,66.3000,5461200
BA,20050928,1600,66.2427,67.0695,66.0535,66.9500,4806800
BA,20050929,1600,66.6913,67.0897,66.1135,67.0200,2482700
BA,20050930,1600,66.8931,67.9889,66.5444,67.6900,3151400
BA,20051003,1600,67.6570,67.7267,66.7405,66.8800,3238800
BA,20051004,1600,67.1919,68.2180,67.1919,67.6900,3693600
BA,20051005,1600,67.1884,67.3976,66.6107,66.7900,3579300
BA,20051006,1600,67.2915,67.9788,67.0623,67.6700,3787900
BA,20051007,1600,67.4484,67.4484,66.3925,67.0400,3607600
BA,20051010,1600,66.8032,67.8093,66.4645,67.6400,2435400
BA,20051011,1600,67.2968,67.5359,66.3105,66.4500,3213500
BA,20051012,1600,66.5433,67.6390,66.4437,67.3900,4424500
BA,20051013,1600,67.0171,67.3658,65.9909,66.2400,4219300
BA,20051014,1600,66.3534,67.5189,66.3435,67.2400,4260700
BA,20051017,1600,66.8903,67.1892,66.2030,66.9800,4333800
BA,20051018,1600,66.8500,67.0791,66.2922,66.8600,4779400
BA,20051019,1600,66.6157,68.1399,66.5659,68.1100,4449300
BA,20051020,1600,68.2354,68.7135,66.9304,67.0400,4343600
BA,20051021,1600,67.0252,67.2942,65.5807,65.7700,7277400
BA,20051024,1600,66.2432,67.5182,65.9941,67.0600,4353200
BA,20051025,1600,67.0986,67.0986,66.2617,66.7200,2899300
BA,20051026,1600,65.1488,65.9458,63.9734,64.8500,10236200
BA,20051027,1600,64.8561,64.8660,63.7104,63.8100,5328000
BA,20051028,1600,64.0053,65.4996,63.4574,65.3900,5222300
BA,20051031,1600,65.5455,66.3225,64.3502,64.3900,6685200
BA,20051101,1600,64.7502,65.4475,64.4314,64.8000,5642600
BA,20051102,1600,64.4699,64.6990,63.9519,64.4500,5864600
BA,20051103,1600,64.1542,65.3496,64.1542,65.2500,5364800
BA,20051104,1600,64.9503,65.4584,64.7710,65.0300,3560300
BA,20051107,1600,65.2308,65.4599,65.0515,65.4400,2994000
BA,20051108,1600,65.0500,65.1500,64.5200,65.0100,2808800
BA,20051109,1600,65.1000,65.3200,64.5600,64.7100,3530500
BA,20051110,1600,64.7700,66.1100,64.7400,66.1000,3237700
BA,20051111,1600,65.8000,65.9300,65.3000,65.3500,2642000
BA,20051114,1600,65.2500,66.6100,64.9400,66.2300,3942600
BA,20051115,1600,66.2100,67.0800,66.0000,67.0000,5230400
BA,20051116,1600,67.1000,68.1000,67.1000,67.4400,4628300
BA,20051117,1600,67.9200,68.1900,67.5100,67.6500,4269200
BA,20051118,1600,67.9500,68.1000,66.7500,66.9500,5623500
BA,20051121,1600,68.1300,69.4800,67.9000,69.0000,7738600
BA,20051122,1600,69.0100,69.1000,68.0900,69.1000,4238900
BA,20051123,1600,68.9500,69.9000,68.8900,69.4400,2662700
BA,20051125,1600,69.6000,69.6500,68.8300,69.0600,959700
BA,20051128,1600,69.0100,69.1500,68.4000,68.6300,2581100
BA,20051129,1600,69.1000,69.6800,69.0000,69.1300,2822100
BA,20051130,1600,69.4500,69.5700,68.1800,68.1900,3781600
BA,20051201,1600,68.3500,69.7700,68.3200,69.6700,3042000
BA,20051202,1600,69.8200,70.0000,69.3700,69.4400,3237500
BA,20051205,1600,69.4500,69.6000,68.7000,69.2000,3893300
BA,20051206,1600,69.6500,70.0000,69.4300,69.5700,3730900
BA,20051207,1600,69.6100,69.9600,69.0800,69.6500,3850400
BA,20051208,1600,69.6600,70.2200,69.2400,70.0700,3958200
BA,20051209,1600,70.0700,70.1700,69.5200,69.6500,4014600
BA,20051212,1600,70.0000,70.2400,69.5400,70.1900,2654900
BA,20051213,1600,70.0000,70.9400,69.9000,70.5900,2733800
BA,20051214,1600,71.0000,71.9800,70.8100,71.4500,4900100
BA,20051215,1600,71.4500,71.9800,70.7300,70.7900,3567700
BA,20051216,1600,71.0500,71.2000,70.4800,70.7500,6021000
BA,20051219,1600,70.7500,70.7500,69.6000,69.9700,3686100
BA,20051220,1600,70.2000,71.0900,70.1500,70.7400,2657300
BA,20051221,1600,70.9700,71.5100,70.3800,70.3900,2974700
BA,20051222,1600,70.9500,71.3900,70.8300,71.3200,2235300
BA,20051223,1600,71.9500,72.0500,71.4200,71.4900,2631300
BA,20051227,1600,71.9000,72.4000,70.4700,70.5300,2676300
BA,20051228,1600,70.8600,71.2300,70.6900,70.9600,1717000
BA,20051229,1600,71.2000,71.6200,71.1400,71.1800,1939500
BA,20051230,1600,71.0500,71.0600,70.1600,70.2400,1825400
BA,20060103,1600,70.4000,70.6000,69.3300,70.4400,4943000
BA,20060104,1600,70.0800,71.2700,69.8600,71.1700,3165000
BA,20060105,1600,70.5500,70.5500,69.5800,70.3300,4598100
BA,20060106,1600,70.3400,70.5000,69.0500,69.3500,4820000
BA,20060109,1600,69.2800,69.4000,68.6600,68.7700,4567300
BA,20060110,1600,68.8000,69.2400,68.5700,69.1000,3869000
BA,20060111,1600,69.9700,70.3000,69.1100,70.1000,5011600
BA,20060112,1600,70.2500,70.4500,69.5400,69.6900,2347000
BA,20060113,1600,69.6400,70.2000,68.7900,69.4800,2963700
BA,20060117,1600,69.0700,69.4000,68.6600,68.6900,2712900
BA,20060118,1600,68.5500,68.9200,68.0500,68.3300,2650700
BA,20060119,1600,68.1600,68.4900,67.7200,68.1700,2642700
BA,20060120,1600,68.1000,68.1600,66.4900,66.5000,6433800
BA,20060123,1600,65.9000,67.3400,65.9000,67.0200,4067400
BA,20060124,1600,67.4100,67.8800,67.1300,67.6600,3581900
BA,20060125,1600,67.7100,67.9100,66.9100,66.9100,3722700
BA,20060126,1600,67.4400,68.7500,67.3200,68.7200,4768300
