Ticker,Date,Time,Open,High,Low,Close,Vol
CAT,20030303,1600,46.0015,46.3342,45.8547,46.0700,2051800
CAT,20030304,1600,45.8940,45.8940,44.1424,44.2500,2696100
CAT,20030305,1600,44.2488,44.9533,44.0825,44.6500,1730600
CAT,20030306,1600,44.6576,44.6576,43.4443,43.6400,1799300
CAT,20030307,1600,42.8043,45.2503,42.7652,44.8100,2615200
CAT,20030310,1600,44.3679,44.4168,43.6341,43.8200,1362900
CAT,20030311,1600,43.8335,44.2543,43.3443,43.5400,1758300
CAT,20030312,1600,43.3972,43.6712,42.5850,43.2700,1965300
CAT,20030313,1600,44.1783,45.9200,44.1392,45.9200,2560600
CAT,20030314,1600,45.9415,46.9200,45.6088,46.0100,2613300
CAT,20030317,1600,45.9405,49.1598,45.7742,49.1500,3965700
CAT,20030318,1600,49.1508,49.5911,48.4364,48.7300,3783400
CAT,20030319,1600,48.4362,48.9255,47.8198,48.7200,2841600
CAT,20030320,1600,48.7179,49.9018,47.9449,49.5300,2856500
CAT,20030321,1600,49.6587,52.1539,49.6587,51.4200,4349700
CAT,20030324,1600,51.4307,51.4307,49.3758,49.6400,2701100
CAT,20030325,1600,49.9000,50.0957,49.2640,49.9000,2787500
CAT,20030326,1600,49.9028,49.9517,48.8265,49.1200,2738300
CAT,20030327,1600,48.6808,49.9040,48.2405,49.6300,1839200
CAT,20030328,1600,49.6297,49.6297,48.7099,49.1600,1924400
CAT,20030331,1600,48.1889,48.7760,47.6703,48.1400,2360500
CAT,20030401,1600,48.1397,48.9225,47.9244,48.5800,2158700
CAT,20030402,1600,49.7585,50.7272,49.7095,50.6000,2603900
CAT,20030403,1600,51.0714,51.0714,50.1810,50.6800,1972900
CAT,20030404,1600,50.6829,51.0743,49.9588,50.3600,1723700
CAT,20030407,1600,51.3630,52.3611,50.5117,50.5900,2125700
CAT,20030408,1600,50.8332,51.1268,50.0211,50.9800,1527300
CAT,20030409,1600,50.4532,51.4318,50.4532,50.6000,2505300
CAT,20030410,1600,50.5942,51.6900,50.3887,51.6900,2158800
CAT,20030411,1600,52.3488,53.0827,51.6639,51.8400,1972100
CAT,20030414,1600,51.8343,52.4898,51.5995,52.4800,1706500
CAT,20030415,1600,52.0003,52.2742,51.0904,51.5600,2817600
CAT,20030416,1600,52.4524,52.8169,50.6006,50.6400,2580300
CAT,20030417,1600,49.7718,51.3576,49.6437,51.2000,2568700
CAT,20030421,1600,51.4146,51.6214,50.7350,51.0600,1926400
CAT,20030422,1600,50.4266,52.3176,50.0917,52.1600,2132100
CAT,20030423,1600,51.9222,52.2079,51.4691,52.0700,2186600
CAT,20030424,1600,51.5167,52.2949,51.5167,51.9600,1461500
CAT,20030425,1600,51.9577,52.1744,51.0515,51.1500,1626100
CAT,20030428,1600,50.9262,52.2067,50.9262,51.9900,1489400
CAT,20030429,1600,52.0137,52.2599,51.1174,51.6000,1688600
CAT,20030430,1600,51.5835,52.1547,51.1107,51.8100,1697900
CAT,20030501,1600,51.8087,51.8580,50.5677,51.0700,1776100
CAT,20030502,1600,50.7417,51.5359,50.5652,51.3300,2476800
CAT,20030505,1600,51.8167,52.2873,51.5127,51.6500,2183900
CAT,20030506,1600,51.7420,52.8500,51.5949,52.8500,2085800
CAT,20030507,1600,52.4077,52.7018,52.0645,52.2900,1794500
CAT,20030508,1600,52.1759,52.1759,50.8717,50.9600,2808200
CAT,20030509,1600,50.9825,52.6492,50.9825,52.1100,1963600
CAT,20030512,1600,52.2095,53.3665,51.8664,53.1900,1727800
CAT,20030513,1600,53.0418,53.0418,51.9633,52.1300,1966400
CAT,20030514,1600,52.3091,52.4365,51.2305,51.7600,2009500
CAT,20030515,1600,52.2619,52.3992,51.7913,52.3600,1738000
CAT,20030516,1600,52.3616,52.7048,51.5086,51.9400,1779000
CAT,20030519,1600,51.6277,51.6767,50.4216,50.5000,1639600
CAT,20030520,1600,50.4951,50.6814,49.8676,50.2500,1977800
CAT,20030521,1600,50.1070,50.1070,49.2147,49.4500,2607000
CAT,20030522,1600,49.7102,50.4749,49.5239,50.2200,1923100
CAT,20030523,1600,50.2551,50.2748,49.5197,50.0100,1027100
CAT,20030527,1600,49.7642,51.6273,49.6171,51.4900,1870500
CAT,20030528,1600,51.5783,52.0195,51.3331,51.4900,2012200
CAT,20030529,1600,51.4904,52.2747,49.5100,49.5100,3211200
CAT,20030530,1600,50.0025,51.1888,49.8064,51.1300,2994000
CAT,20030602,1600,51.4737,51.9149,50.9835,51.1600,1564200
CAT,20030603,1600,51.1650,52.4887,51.0473,51.9200,1860000
CAT,20030604,1600,51.9679,53.0955,51.9287,52.8700,1813600
CAT,20030605,1600,52.8688,53.4277,52.3197,53.3100,1739400
CAT,20030606,1600,53.5596,54.9028,53.4714,53.5400,2746800
CAT,20030609,1600,53.4737,53.6894,52.8463,53.1600,1729000
CAT,20030610,1600,53.6284,53.6971,52.7461,53.5500,1420100
CAT,20030611,1600,53.7755,55.5696,53.6578,55.5500,2337800
CAT,20030612,1600,55.5496,55.9320,54.7555,55.0300,1615800
CAT,20030613,1600,54.9502,55.1561,54.5776,54.9600,1368800
CAT,20030616,1600,55.6423,56.7894,55.5246,56.7600,2143200
CAT,20030617,1600,56.8555,57.1104,56.1496,56.6300,1812600
CAT,20030618,1600,56.3807,56.8611,55.7531,55.9100,1734500
CAT,20030619,1600,56.0864,56.3315,55.1843,55.4000,1513600
CAT,20030620,1600,55.8457,56.3555,55.6888,56.1300,2512200
CAT,20030623,1600,56.1284,56.2559,54.7461,55.5500,1628000
CAT,20030624,1600,55.1539,56.3795,55.1539,55.3500,1387600
CAT,20030625,1600,55.3539,55.4618,54.5108,55.0500,1586500
CAT,20030626,1600,54.9735,55.7578,54.7676,55.6500,1096300
CAT,20030627,1600,55.4950,55.7107,54.3380,54.7400,1585200
CAT,20030630,1600,54.7857,55.3347,54.1190,54.5700,1051200
CAT,20030701,1600,54.0230,54.4249,52.0621,53.6700,4266400
CAT,20030702,1600,53.6696,54.9343,53.6696,54.6500,2604000
CAT,20030703,1600,54.3233,55.2548,54.2252,54.4900,1023700
CAT,20030707,1600,55.1531,56.1826,55.0551,55.3100,1710600
CAT,20030708,1600,55.2078,55.8157,55.0314,55.6000,1213700
CAT,20030709,1600,55.5457,55.7614,55.0064,55.3300,1080200
CAT,20030710,1600,55.3259,55.4435,54.9043,55.1200,1763700
CAT,20030711,1600,54.9560,56.5051,54.9560,56.2600,1776100
CAT,20030714,1600,57.1618,57.5834,56.7010,56.7500,2564300
CAT,20030715,1600,57.4597,57.4597,56.4890,56.9400,2180700
CAT,20030716,1600,57.3431,57.5000,56.6567,57.5000,2301600
CAT,20030717,1600,59.6716,62.8673,58.7839,62.6700,10473900
CAT,20030718,1600,62.9346,64.9666,62.5400,64.7200,7635700
CAT,20030721,1600,64.7160,65.0021,63.8678,64.4300,6732500
CAT,20030722,1600,62.6987,64.3658,62.6987,63.3300,6556300
CAT,20030723,1600,63.3584,64.1278,62.9244,63.9700,4834800
CAT,20030724,1600,64.0646,64.1139,62.9303,62.9500,3011100
CAT,20030725,1600,63.1277,64.4100,61.9441,64.4100,3442700
CAT,20030728,1600,64.5848,64.7919,64.1311,64.2100,2639800
CAT,20030729,1600,64.2134,64.7263,63.8978,64.4600,2703500
CAT,20030730,1600,64.4649,65.7866,64.3466,65.5400,3033400
CAT,20030731,1600,66.4316,67.3588,66.2442,66.5500,3596400
CAT,20030801,1600,66.6452,66.8523,65.6589,66.3000,2583100
CAT,20030804,1600,66.0420,66.5254,65.7264,66.1900,2121400
CAT,20030805,1600,66.3915,66.6184,65.7701,65.7800,3076300
CAT,20030806,1600,65.7821,66.0484,65.0522,65.2100,3313600
CAT,20030807,1600,65.1057,66.5361,64.7111,66.2500,3042200
CAT,20030808,1600,66.4810,67.8521,66.2739,67.2800,3088700
CAT,20030811,1600,67.4638,68.0655,66.9411,67.7400,2217700
CAT,20030812,1600,67.7421,69.3400,67.2292,69.3400,2737200
CAT,20030813,1600,69.3414,69.5386,68.8679,69.4400,3076900
CAT,20030814,1600,69.4434,70.2029,68.9009,69.6900,3571300
CAT,20030815,1600,70.1281,70.9665,69.4870,69.9900,1650400
CAT,20030818,1600,70.4914,72.1486,70.3730,72.0500,3284600
CAT,20030819,1600,72.0580,72.1566,70.7559,71.9100,3209700
CAT,20030820,1600,71.1320,71.4378,70.8361,71.2800,2022200
CAT,20030821,1600,71.4138,72.9426,71.1178,72.4100,3098100
CAT,20030822,1600,72.6827,72.9588,70.7100,70.7100,2340300
CAT,20030825,1600,70.0317,70.0317,68.2563,68.7100,3542500
CAT,20030826,1600,67.8208,68.9452,67.0810,68.6000,3653500
CAT,20030827,1600,68.5490,69.4959,68.4109,69.2000,2112500
CAT,20030828,1600,69.5914,69.9761,68.3386,69.6900,1857600
CAT,20030829,1600,70.0313,71.0473,70.0313,70.8500,1823600
CAT,20030902,1600,70.9670,71.9040,70.2568,71.4700,2117700
CAT,20030903,1600,71.1969,71.4731,70.0428,70.9700,2497400
CAT,20030904,1600,70.5737,70.9189,69.5676,70.1200,1983500
CAT,20030905,1600,69.3771,69.5349,68.4993,69.1700,3828500
CAT,20030908,1600,69.1752,69.6289,68.6327,69.5500,2308900
CAT,20030909,1600,69.2982,69.2982,67.8582,68.4500,2570700
CAT,20030910,1600,68.1093,68.2080,67.2709,68.0600,3139500
CAT,20030911,1600,68.0573,68.1461,65.9465,67.1400,5583800
CAT,20030912,1600,66.8237,67.2675,66.2418,67.0900,3020800
CAT,20030915,1600,67.3498,68.5137,67.2117,68.0600,2779100
CAT,20030916,1600,68.0891,68.8388,67.8721,68.7500,1833900
CAT,20030917,1600,69.0925,69.7336,69.0333,69.2700,2694600
CAT,20030918,1600,69.6395,70.8035,68.9984,70.3300,2572900
CAT,20030919,1600,70.3285,70.7724,69.8156,70.2200,2482100
CAT,20030922,1600,69.9933,70.7035,69.1845,69.5100,2932200
CAT,20030923,1600,69.7106,70.7167,69.7007,70.4800,1966200
CAT,20030924,1600,70.5256,70.9694,69.4800,69.4800,2308000
CAT,20030925,1600,69.7059,69.9031,67.9600,67.9600,2693400
CAT,20030926,1600,67.8625,67.8625,66.5309,67.3200,2931200
CAT,20030929,1600,67.4707,68.4867,67.0564,68.2500,2362000
CAT,20030930,1600,68.0775,68.5411,66.9728,67.9000,2570000
CAT,20031001,1600,67.9928,70.4884,67.9632,70.3700,2668000
CAT,20031002,1600,71.0195,71.9369,70.9308,71.7100,3608000
CAT,20031003,1600,72.4984,73.4749,71.7093,72.3800,3096000
CAT,20031006,1600,72.8915,73.6707,72.1912,73.0000,1885900
CAT,20031007,1600,72.7590,73.4100,72.3052,73.4100,1967100
CAT,20031008,1600,73.9249,74.5364,73.6192,74.2800,2065400
CAT,20031009,1600,75.2373,76.0461,74.6257,75.0400,2707300
CAT,20031010,1600,74.9666,75.3612,74.3550,74.7200,1278300
CAT,20031013,1600,74.9623,76.3432,74.9623,75.8500,1507800
CAT,20031014,1600,75.4748,75.8397,74.9224,75.8200,1883100
CAT,20031015,1600,76.4170,77.8473,75.9830,77.6500,3160500
CAT,20031016,1600,74.4429,74.4429,71.3411,73.6600,13712600
CAT,20031017,1600,73.6930,74.0696,72.7416,72.9200,3318400
CAT,20031020,1600,73.3896,73.7463,72.5670,73.3400,2016300
CAT,20031021,1600,73.3488,73.3488,72.1001,72.1100,2795400
CAT,20031022,1600,71.1381,72.4463,70.7021,70.9300,2903000
CAT,20031023,1600,70.9281,71.1858,70.3830,70.7200,2820600
CAT,20031024,1600,70.0632,70.9154,69.8352,70.4100,2436400
CAT,20031027,1600,70.8618,71.2087,70.3762,71.0600,1986100
CAT,20031028,1600,71.1885,72.3381,70.8713,72.1300,2657900
CAT,20031029,1600,72.1063,72.8000,71.3531,72.8000,1650800
CAT,20031030,1600,73.2496,73.7946,72.2882,73.2000,2757900
CAT,20031031,1600,73.1948,73.6110,72.6200,72.6200,2455900
CAT,20031103,1600,72.8053,73.8261,72.6269,73.3900,2014700
CAT,20031104,1600,73.3868,74.5959,73.2481,74.1400,2236600
CAT,20031105,1600,73.8934,75.0133,73.7150,74.2700,1974400
CAT,20031106,1600,74.0285,74.0681,73.3942,73.8600,1974300
CAT,20031107,1600,73.7633,73.8327,71.8209,71.9200,2889000
CAT,20031110,1600,71.7968,72.6886,71.1724,71.4400,2078000
CAT,20031111,1600,71.4488,71.9344,71.1217,71.3100,2125100
CAT,20031112,1600,71.5531,73.0991,71.5531,73.0000,1310600
CAT,20031113,1600,72.7506,73.4245,72.4731,72.8200,1566100
CAT,20031114,1600,72.8222,73.8925,71.8510,71.9600,1730300
CAT,20031117,1600,71.9590,71.9887,71.3049,71.8500,1820400
CAT,20031118,1600,71.8491,72.4834,70.6500,70.6500,1834000
CAT,20031119,1600,70.7622,72.2290,70.7028,72.1200,1795700
CAT,20031120,1600,72.0504,72.9127,71.7531,72.1000,1838200
CAT,20031121,1600,72.3788,72.6959,72.0913,72.2400,1505400
CAT,20031124,1600,72.3926,73.1061,72.3926,72.6800,1807700
CAT,20031125,1600,72.9924,74.6376,72.9429,74.3700,2382200
CAT,20031126,1600,74.8191,74.8191,73.6497,74.7200,1798100
CAT,20031128,1600,74.5871,75.5286,74.5474,75.3700,681300
CAT,20031201,1600,75.5649,76.1198,74.6531,76.1000,1762200
CAT,20031202,1600,75.8514,75.8514,74.5234,74.9000,1943500
CAT,20031203,1600,75.2459,75.6622,74.6712,74.8000,1379500
CAT,20031204,1600,74.8250,74.8944,73.9330,74.2700,1517100
CAT,20031205,1600,75.3145,76.4244,75.3145,75.8100,3244500
CAT,20031208,1600,75.7630,76.1792,75.3567,76.0900,1592400
CAT,20031209,1600,76.3350,76.6422,75.6414,75.7900,1806400
CAT,20031210,1600,75.7660,75.8849,75.0722,75.3200,1904900
CAT,20031211,1600,75.7138,77.4878,75.4165,77.2400,2298400
CAT,20031212,1600,77.2407,77.5777,76.7551,77.3200,1830100
CAT,20031215,1600,78.2858,78.9597,77.7903,77.8200,3056200
CAT,20031216,1600,77.8621,80.3891,77.8621,80.2900,4078500
CAT,20031217,1600,79.8728,81.3196,79.4071,81.2800,3193100
CAT,20031218,1600,81.4140,83.4456,80.8689,82.9600,4240700
CAT,20031219,1600,83.4449,83.9900,82.3548,83.9900,5053500
CAT,20031222,1600,83.8823,84.1895,82.9408,83.0300,2658400
CAT,20031223,1600,83.0387,83.3955,82.1964,82.9000,2024800
CAT,20031224,1600,82.5816,83.2060,82.2546,82.7600,837200
CAT,20031226,1600,82.5140,83.3564,82.3158,82.9600,388200
CAT,20031229,1600,83.1463,83.9986,83.1463,83.8400,1268700
CAT,20031230,1600,83.7462,84.0138,83.1119,83.3200,1092700
CAT,20031231,1600,83.6477,83.6675,82.2602,82.2800,2238000
CAT,20040102,1600,82.4253,82.9407,81.7812,81.9100,2086400
CAT,20040105,1600,83.0994,84.3977,82.9607,84.1400,3092100
CAT,20040106,1600,83.5617,83.7104,82.4518,82.6500,3095200
CAT,20040107,1600,82.7708,82.7708,81.5716,81.7500,3101600
CAT,20040108,1600,82.0021,82.4480,81.0209,81.1200,2422200
CAT,20040109,1600,80.3246,80.9193,79.4822,79.7300,3034300
CAT,20040112,1600,80.3721,81.9578,80.3325,81.7100,2083100
CAT,20040113,1600,82.2060,82.8501,80.2437,81.7600,2614100
CAT,20040114,1600,81.7310,83.3167,81.7310,82.9500,2249000
CAT,20040115,1600,83.6172,84.6126,82.2136,83.0000,1860300
CAT,20040116,1600,83.6206,84.5663,83.2822,83.7600,2541700
CAT,20040120,1600,83.2235,83.6316,81.7800,81.7800,2401700
CAT,20040121,1600,81.8354,83.1395,81.0689,83.0200,2033300
CAT,20040122,1600,83.1720,84.3268,82.7539,83.6200,2055400
CAT,20040123,1600,83.7004,83.7900,82.7746,83.7900,2337600
CAT,20040126,1600,83.3160,84.6996,82.2907,84.6200,2317500
CAT,20040127,1600,85.3133,85.3133,81.6300,81.6300,4624500
CAT,20040128,1600,80.9324,81.7786,78.8419,79.2600,3921500
CAT,20040129,1600,79.6376,79.7969,76.4023,76.9100,5429000
CAT,20040130,1600,76.6950,78.0885,76.6552,77.7700,4520700
CAT,20040202,1600,77.8966,78.1952,76.8812,77.1400,3907200
CAT,20040203,1600,77.0981,77.0981,76.0728,76.6900,4105500
CAT,20040204,1600,75.8984,76.1671,75.4206,75.5500,4233500
CAT,20040205,1600,75.4524,76.7862,74.9348,75.9700,3940500
CAT,20040206,1600,76.0496,78.4585,76.0496,78.1400,2614800
CAT,20040209,1600,78.1064,78.3254,77.1707,77.3200,1469800
CAT,20040210,1600,77.1855,77.4443,75.8019,76.2100,2866300
CAT,20040211,1600,75.9621,78.6000,75.6734,78.6000,3178300
CAT,20040212,1600,78.3897,78.8874,77.8124,78.3300,1548200
CAT,20040213,1600,78.1451,78.7026,76.9505,77.0700,1874500
CAT,20040217,1600,78.2939,79.5283,78.1446,79.1600,2370000
CAT,20040218,1600,78.8586,79.1871,77.9129,78.5500,1539700
CAT,20040219,1600,78.8867,79.3645,78.1202,78.1700,1686400
CAT,20040220,1600,78.1722,78.2917,75.7433,76.4700,2675600
CAT,20040223,1600,76.8501,77.4673,76.2130,76.8700,1794700
CAT,20040224,1600,76.4495,77.1463,76.0116,76.3500,1626100
CAT,20040225,1600,76.3024,77.1485,75.8246,76.8300,1943300
CAT,20040226,1600,76.6444,78.1972,76.5050,77.5900,1810200
CAT,20040227,1600,77.3410,77.3410,75.3502,75.4000,3694100
CAT,20040301,1600,75.6538,77.2565,75.5045,76.4900,2378900
CAT,20040302,1600,75.9060,77.4789,75.7766,77.2400,2267100
CAT,20040303,1600,77.2487,77.8261,76.8904,76.9700,1803100
CAT,20040304,1600,76.7192,76.9084,76.1717,76.5500,1324900
CAT,20040305,1600,75.7512,76.7467,75.6019,76.0200,2603000
CAT,20040308,1600,77.2965,77.8938,76.5400,76.5400,2849600
CAT,20040309,1600,76.8961,77.6228,75.6220,76.0500,2550900
CAT,20040310,1600,76.6439,77.0420,73.0306,73.1700,4725200
CAT,20040311,1600,73.0191,74.1639,72.1829,72.8200,3901700
CAT,20040312,1600,72.9973,74.5900,72.6787,74.5900,2833300
CAT,20040315,1600,73.7594,74.3169,73.3115,73.6400,2855800
CAT,20040316,1600,74.1638,75.5177,73.9150,75.0100,3092600
CAT,20040317,1600,75.2076,77.1388,75.1578,76.8700,2522200
CAT,20040318,1600,76.6210,77.0491,75.2075,76.8500,2446700
CAT,20040319,1600,76.8558,77.5128,75.8604,75.9500,2441900
CAT,20040322,1600,75.3093,75.4586,74.5328,75.1600,1954100
CAT,20040323,1600,75.3507,76.3958,75.1317,75.5000,2155900
CAT,20040324,1600,75.6017,76.3085,75.2334,75.9800,1721800
CAT,20040325,1600,76.1529,76.8498,75.6054,76.8000,1747200
CAT,20040326,1600,76.6022,77.8963,76.1045,77.0900,1910000
CAT,20040329,1600,78.0847,79.3390,78.0847,79.1200,2527700
CAT,20040330,1600,78.9133,79.6698,77.8483,79.6300,3001200
CAT,20040331,1600,79.0982,79.4864,78.5109,78.7100,1718300
CAT,20040401,1600,78.7893,79.6753,78.1423,78.6400,1714500
CAT,20040402,1600,79.8843,81.1585,79.2074,80.8300,2759700
CAT,20040405,1600,80.6265,82.1295,80.2283,82.0300,1708900
CAT,20040406,1600,81.6242,82.8983,81.5246,82.5300,2171400
CAT,20040407,1600,82.2477,82.4268,81.0531,81.7300,2397000
CAT,20040408,1600,82.3268,82.8145,81.4308,81.6100,1178200
CAT,20040412,1600,81.8270,83.4198,81.6279,83.3700,1748500
CAT,20040413,1600,83.4817,83.7704,81.0328,81.6500,2597700
CAT,20040414,1600,81.2971,82.0138,79.7840,80.6600,2558100
CAT,20040415,1600,80.8779,81.5847,79.9223,80.4300,1990200
CAT,20040416,1600,81.3312,81.6896,80.4253,81.6000,1749900
CAT,20040419,1600,81.5757,81.5856,80.3314,80.6300,1617900
CAT,20040420,1600,80.8843,81.7006,79.5005,79.6200,2287500
CAT,20040421,1600,79.6349,80.8095,78.0621,80.7100,3011700
CAT,20040422,1600,83.0000,84.7600,81.6700,84.1000,5406600
CAT,20040423,1600,84.1100,84.3100,81.7500,81.9600,3507300
CAT,20040426,1600,82.0000,82.0700,80.8300,80.9000,2473800
CAT,20040427,1600,81.3000,82.0000,80.9100,81.8000,2230500
CAT,20040428,1600,82.0000,82.1700,79.1400,79.7000,2753000
CAT,20040429,1600,80.3000,80.3000,76.9900,77.5800,3460100
CAT,20040430,1600,78.0000,78.9500,77.1300,77.7300,2799800
CAT,20040503,1600,77.9000,79.7000,77.8600,79.3700,1855300
CAT,20040504,1600,79.3700,79.6200,78.0100,79.0100,2082000
CAT,20040505,1600,78.9900,79.1500,78.2000,78.8000,1758000
CAT,20040506,1600,78.4000,78.4000,76.7100,77.8500,1906400
CAT,20040507,1600,77.4000,78.5300,77.1100,77.1200,2428500
CAT,20040510,1600,76.1000,76.1100,72.2200,72.8800,7104700
CAT,20040511,1600,73.2600,73.6100,72.7000,73.1000,3842700
CAT,20040512,1600,73.3000,74.9000,72.2900,74.8600,3149100
CAT,20040513,1600,74.4800,75.6500,73.8600,74.6700,1937000
CAT,20040514,1600,74.5000,76.2100,74.0300,75.6900,2427200
CAT,20040517,1600,74.3000,74.4500,72.7000,73.5400,2601700
CAT,20040518,1600,74.5500,74.7000,73.1100,73.7500,2372600
CAT,20040519,1600,74.5000,75.2500,73.5600,73.8000,2779900
CAT,20040520,1600,73.8000,73.8100,72.1000,72.2600,3189100
CAT,20040521,1600,72.5600,73.0800,72.0100,73.0300,2199900
CAT,20040524,1600,75.0000,75.7500,73.6500,74.0000,3590100
CAT,20040525,1600,73.8000,74.6700,73.3700,74.6500,2633900
CAT,20040526,1600,74.6500,75.2100,74.5000,74.8500,2073400
CAT,20040527,1600,75.2500,76.4700,74.6400,75.1700,2466700
CAT,20040528,1600,75.2500,75.7900,74.9500,75.3500,1429600
CAT,20040601,1600,75.3500,76.3300,75.0600,75.9600,1862800
CAT,20040602,1600,76.1000,76.7400,75.7200,76.4200,2053000
CAT,20040603,1600,76.0300,76.3400,75.1000,75.1500,1748300
CAT,20040604,1600,75.6100,76.3100,74.3000,75.5000,2378700
CAT,20040607,1600,76.2000,77.7600,76.1460,77.7000,1659900
CAT,20040608,1600,77.2000,77.7500,76.7600,77.1200,1962200
CAT,20040609,1600,76.9800,77.1500,75.3300,75.4000,2289400
CAT,20040610,1600,75.6500,76.1500,75.2000,75.6000,1672900
CAT,20040614,1600,75.6000,75.6100,74.6100,74.7600,1225800
CAT,20040615,1600,75.0000,75.8400,74.8700,75.3900,2384900
CAT,20040616,1600,75.4200,75.6000,73.8900,74.1800,1601300
CAT,20040617,1600,74.0100,74.8900,74.0000,74.7200,2032600
CAT,20040618,1600,74.4500,74.9600,74.1300,74.4200,3328400
CAT,20040621,1600,74.9000,75.4400,74.5200,74.9800,1663800
CAT,20040622,1600,76.0000,76.6500,75.1100,76.6500,2441600
CAT,20040623,1600,76.6900,77.8900,76.3500,77.8900,2057100
CAT,20040624,1600,78.1400,79.4000,78.0300,78.8700,2392400
CAT,20040625,1600,78.8500,79.2400,78.0200,78.1500,3279900
CAT,20040628,1600,78.5500,78.7800,77.1500,77.4800,1759100
CAT,20040629,1600,77.4000,79.0500,77.0500,78.8200,1908000
CAT,20040630,1600,78.8000,79.6000,78.0000,79.4400,2553000
CAT,20040701,1600,79.2000,79.3900,77.7400,78.1800,1818400
CAT,20040702,1600,78.1800,78.1900,76.3900,76.7200,1977500
CAT,20040706,1600,76.7200,76.9700,76.0200,76.7300,1618600
CAT,20040707,1600,76.4800,77.5700,76.2500,77.5000,1404300
CAT,20040708,1600,77.3500,77.4700,76.4900,76.5300,1691000
CAT,20040709,1600,77.1000,77.6400,76.7900,77.0800,1721000
CAT,20040712,1600,77.0800,78.3900,76.6600,78.2300,1455900
CAT,20040713,1600,77.5600,79.3200,77.5600,79.2700,2063100
CAT,20040714,1600,78.9500,79.4300,78.3400,78.7800,1922800
CAT,20040715,1600,78.7800,79.6300,78.6700,79.4000,1458300
CAT,20040716,1600,79.4800,79.6000,77.7200,77.8100,2120700
CAT,20040719,1600,77.8200,78.5900,77.4200,78.1900,1737400
CAT,20040720,1600,78.2000,78.7300,77.5300,78.0200,1394500
CAT,20040721,1600,78.4500,79.2100,76.5300,76.9500,2446200
CAT,20040722,1600,72.5000,73.8300,71.0500,73.5300,8918500
CAT,20040723,1600,73.5300,74.1500,72.4700,73.2200,3805300
CAT,20040726,1600,73.2300,73.7900,72.3800,72.6000,2521900
CAT,20040727,1600,72.6000,72.6500,71.5000,72.1700,3459000
CAT,20040728,1600,72.1800,73.9100,71.9900,73.4300,3172000
CAT,20040729,1600,73.9500,74.2600,73.0600,73.9300,1664700
CAT,20040730,1600,73.9300,74.1000,73.1200,73.4900,1733900
CAT,20040802,1600,73.2400,73.4900,72.7500,73.1000,2094900
CAT,20040803,1600,73.1000,73.1000,71.2400,71.6800,3811200
CAT,20040804,1600,72.0000,72.1900,71.5000,71.7400,2067700
CAT,20040805,1600,71.8500,71.9100,69.6200,69.6200,3003500
CAT,20040806,1600,69.1500,70.9000,68.5000,70.2500,4742800
CAT,20040809,1600,70.7500,70.9900,69.9400,70.0700,1670700
CAT,20040810,1600,70.0600,70.4800,69.8500,70.1900,272600
CAT,20040811,1600,71.0100,72.1500,70.5500,72.0600,2161500
CAT,20040812,1600,71.5000,71.9800,71.2700,71.7600,2946300
CAT,20040813,1600,71.6500,72.1500,71.3100,71.7500,2189700
CAT,20040816,1600,71.7500,72.8700,71.2800,72.8700,2372800
CAT,20040817,1600,73.6000,74.2000,72.2000,72.4800,3114500
CAT,20040818,1600,72.2300,72.7800,72.0500,72.5000,2194600
CAT,20040819,1600,72.5000,72.5100,70.6900,71.2900,2652600
CAT,20040820,1600,71.0000,72.5800,71.0000,72.2400,1973900
CAT,20040823,1600,72.4900,72.7700,71.8600,72.0500,1258300
CAT,20040824,1600,73.8500,73.8500,72.8700,73.1500,2662100
CAT,20040825,1600,73.3300,74.0100,72.8500,73.8700,2084000
CAT,20040826,1600,73.8700,74.0900,73.2700,73.7100,1293300
CAT,20040827,1600,73.8600,74.0400,73.3500,73.7000,1018500
CAT,20040830,1600,73.5500,73.5500,72.2400,72.2500,1352200
CAT,20040831,1600,72.4400,73.0200,72.0000,72.7000,1157400
CAT,20040901,1600,72.8700,73.4500,72.8200,73.1500,639900
CAT,20040902,1600,72.7700,73.2600,72.2600,73.1500,1653600
CAT,20040903,1600,73.5000,73.8900,73.1600,73.5600,1323100
CAT,20040907,1600,74.2300,75.6400,74.1500,75.4400,2844900
CAT,20040908,1600,75.2300,75.4700,74.9000,75.1400,912400
CAT,20040909,1600,75.2000,75.3800,74.4500,74.8700,1782700
CAT,20040910,1600,75.2000,75.2000,73.9700,75.1000,1531600
CAT,20040913,1600,75.3000,76.1100,75.2600,75.9600,1885900
CAT,20040914,1600,76.0000,76.0000,75.2400,75.7200,1463700
CAT,20040915,1600,75.6000,75.6000,74.5000,74.7800,645400
CAT,20040916,1600,74.6500,75.4000,74.5200,74.8400,1194700
CAT,20040917,1600,75.2500,76.2000,75.0600,76.1200,2466700
CAT,20040920,1600,75.7000,76.5900,75.5900,75.8800,1318900
CAT,20040921,1600,75.9900,76.7700,75.8600,76.3300,1703800
CAT,20040922,1600,76.1000,76.1100,75.0600,75.3600,1725100
CAT,20040923,1600,75.3600,75.4800,74.1300,74.5000,1635500
CAT,20040924,1600,74.2000,75.2600,74.2000,74.7600,1578200
CAT,20040927,1600,74.2200,74.7000,74.0100,74.4200,1269200
CAT,20040928,1600,74.5500,75.6100,74.5400,75.4400,1099200
CAT,20040929,1600,77.2500,80.5500,77.0200,80.5000,7103000
CAT,20040930,1600,80.4000,81.3000,79.8500,80.4500,4304800
CAT,20041001,1600,80.4400,80.9700,79.9200,80.6000,3626000
CAT,20041004,1600,80.7500,81.9900,80.7500,81.2500,2842500
CAT,20041005,1600,81.2500,81.3100,80.0900,80.3700,2054200
CAT,20041006,1600,80.3700,81.0000,80.1400,81.0000,1748300
CAT,20041007,1600,81.3000,81.6500,79.8900,80.0000,2022300
CAT,20041008,1600,80.0100,80.2500,79.2100,79.5000,1600500
CAT,20041011,1600,79.5000,80.3000,79.2100,79.4100,957200
CAT,20041012,1600,79.1700,80.2500,78.5000,79.7400,1836000
CAT,20041013,1600,79.7500,79.7500,78.0500,79.0900,3662400
CAT,20041014,1600,79.0900,79.9400,78.4400,79.5000,2625400
CAT,20041015,1600,79.5100,81.7300,79.5000,81.0900,3049100
CAT,20041018,1600,81.0100,81.1600,80.1500,81.1300,2344700
CAT,20041019,1600,81.3300,81.9900,80.7000,81.1600,1031900
CAT,20041020,1600,81.1200,81.7300,80.0900,80.9100,1410200
CAT,20041021,1600,80.3800,80.8400,76.7500,77.0300,8134600
CAT,20041022,1600,78.0300,79.0000,77.3000,77.3400,4512500
CAT,20041025,1600,77.3500,78.6200,77.0500,78.3400,2193900
CAT,20041026,1600,78.2000,79.5200,78.2000,79.4100,2379700
CAT,20041027,1600,79.1600,81.0800,78.9900,80.8000,3239700
CAT,20041028,1600,80.4000,80.6600,79.0300,79.9400,2168200
CAT,20041029,1600,79.5400,80.7800,79.4900,80.5400,1935600
CAT,20041101,1600,80.9000,81.9100,80.6800,81.8400,2622900
CAT,20041102,1600,81.9700,83.2800,81.6100,81.9900,3039600
CAT,20041103,1600,84.0000,84.4800,83.5600,84.2500,3460100
CAT,20041104,1600,84.4700,86.3200,83.9000,85.8800,3827700
CAT,20041105,1600,86.2000,87.8500,85.9300,87.1700,3727800
CAT,20041108,1600,87.0100,87.4900,86.1900,87.0100,2090500
CAT,20041109,1600,86.8000,88.3100,86.7200,88.2300,1677900
CAT,20041110,1600,43.2775,43.5122,43.0526,43.3900,5291400
CAT,20041111,1600,43.5145,44.0134,43.4852,43.9400,4492000
CAT,20041112,1600,43.9902,44.0000,43.3251,44.0000,4662600
CAT,20041115,1600,43.9236,44.3295,43.7182,43.8600,4194000
CAT,20041116,1600,43.9793,44.2532,43.5930,43.9500,4628600
CAT,20041117,1600,44.4498,44.7285,44.0879,44.4400,3939400
CAT,20041118,1600,44.4362,44.8762,44.0695,44.7100,3567400
CAT,20041119,1600,44.7162,44.7162,44.0609,44.1000,3919800
CAT,20041122,1600,44.1334,44.4659,43.8204,44.0600,3692000
CAT,20041123,1600,44.6994,44.8706,44.0196,44.4500,5179800
CAT,20041124,1600,44.5016,45.0396,44.3696,45.0200,3674000
CAT,20041126,1600,45.1110,45.4191,45.0328,45.3800,1418600
CAT,20041129,1600,45.3820,45.5776,44.3844,44.5800,5228000
CAT,20041130,1600,44.4032,44.8825,44.1098,44.7700,4185000
CAT,20041201,1600,44.7721,45.3149,44.7672,45.3100,3336400
CAT,20041202,1600,45.3099,45.3099,44.5323,44.8600,3408600
CAT,20041203,1600,44.7338,44.9050,44.0590,44.4600,4909600
CAT,20041206,1600,44.4660,44.6959,44.2118,44.2900,2917000
CAT,20041207,1600,44.4100,45.2706,44.3562,44.4100,4527400
CAT,20041208,1600,44.4129,44.5303,44.0217,44.3200,3430600
CAT,20041209,1600,44.1090,44.8669,43.6151,44.7300,5305200
CAT,20041210,1600,44.7267,45.0298,44.4968,44.8000,2900600
CAT,20041213,1600,45.1629,45.9649,44.9575,45.9600,4642000
CAT,20041214,1600,45.9520,46.0792,45.1598,45.8200,4624000
CAT,20041215,1600,45.8278,46.5467,45.7642,46.4000,4284200
CAT,20041216,1600,46.4038,46.8096,45.9099,46.3500,4969200
CAT,20041217,1600,46.3489,46.5347,45.7964,46.0800,5966400
CAT,20041220,1600,46.4090,46.6046,46.0177,46.1400,3040600
CAT,20041221,1600,46.3805,47.1580,46.2436,47.0700,4318800
CAT,20041222,1600,47.2068,47.6469,47.0748,47.5100,3604600
CAT,20041223,1600,47.5018,47.8245,47.3795,47.5800,2178000
CAT,20041227,1600,47.6648,47.9142,46.8922,46.9900,2452000
CAT,20041228,1600,47.2503,48.1891,47.2356,48.1500,2803000
CAT,20041229,1600,47.9202,48.2722,47.8224,48.1500,2533200
CAT,20041230,1600,48.1597,48.2184,47.7000,47.7000,2396200
CAT,20041231,1600,47.6996,47.9196,47.5137,47.6800,1650200
CAT,20050103,1600,46.9937,47.5071,46.2308,46.4900,6294000
CAT,20050104,1600,46.9728,47.0950,45.6426,45.9800,7579400
CAT,20050105,1600,46.0928,46.1906,45.1000,45.1000,5932800
CAT,20050106,1600,45.1830,46.2392,45.0950,45.7600,6300400
CAT,20050107,1600,45.8018,46.1099,45.5475,45.6600,5815400
CAT,20050110,1600,45.7192,45.8170,45.1764,45.2400,4818800
CAT,20050111,1600,45.2460,45.2460,44.5564,44.6200,5896000
CAT,20050112,1600,44.9891,45.2336,44.3729,45.1700,8387600
CAT,20050113,1600,45.0872,45.5420,45.0677,45.4100,6702200
CAT,20050114,1600,45.7122,45.9762,45.4677,45.8100,3825000
CAT,20050118,1600,45.8331,45.9265,45.1405,45.4500,4624600
CAT,20050119,1600,45.3381,45.5247,44.9451,44.9500,5838600
CAT,20050120,1600,44.9423,44.9669,44.1614,44.2400,5108200
CAT,20050121,1600,44.1738,44.6798,43.5991,43.8300,6873600
CAT,20050124,1600,43.9823,44.0707,43.2800,43.2800,5634200
CAT,20050125,1600,43.5856,44.4500,43.2860,44.4500,5999600
CAT,20050126,1600,44.4455,45.0054,44.1508,44.7500,6698000
CAT,20050127,1600,42.9222,43.3347,42.4311,42.4900,21820200
CAT,20050128,1600,42.7340,43.2842,42.6604,42.9600,8176600
CAT,20050131,1600,43.2198,44.0301,43.0528,43.7600,6675200
CAT,20050201,1600,44.0046,44.4663,43.7836,44.2600,4790000
CAT,20050202,1600,44.2481,44.9161,43.9927,44.7000,6762200
CAT,20050203,1600,44.4613,45.2030,44.3385,45.0900,5226800
CAT,20050204,1600,45.0909,45.2824,44.6930,45.1400,6606200
CAT,20050207,1600,45.1352,45.2776,44.8111,44.8700,3716400
CAT,20050208,1600,44.8907,45.0970,44.5125,44.9300,3357200
CAT,20050209,1600,44.9326,45.1831,44.4512,44.5200,3792200
CAT,20050210,1600,44.6993,45.3919,44.6551,45.2200,3192400
CAT,20050211,1600,45.3342,45.7566,44.8431,45.5700,4649800
CAT,20050214,1600,45.7418,45.7664,45.1181,45.2900,2402400
CAT,20050215,1600,45.1905,45.4704,44.6846,44.9400,6315800
CAT,20050216,1600,44.8164,45.5875,44.7477,45.4500,4533600
CAT,20050217,1600,45.4536,45.6992,45.0411,45.1000,3419400
CAT,20050218,1600,45.1014,45.1161,44.5611,44.6200,4278400
CAT,20050222,1600,44.5048,44.8978,43.9204,43.9400,5091200
CAT,20050223,1600,44.1599,44.5823,44.0322,44.4300,3099800
CAT,20050224,1600,44.5762,45.8681,44.5566,45.7600,4545600
CAT,20050225,1600,45.7154,46.8008,45.5533,46.5700,6084200
CAT,20050228,1600,46.4590,47.2693,46.0956,46.6800,6591800
CAT,20050301,1600,46.6413,47.9330,46.3810,47.8200,9691800
CAT,20050302,1600,47.4548,48.0294,47.4499,47.7200,6762000
CAT,20050303,1600,47.7201,48.0540,47.2290,48.0000,5446400
CAT,20050304,1600,48.0636,49.1000,47.7689,49.1000,8095800
CAT,20050307,1600,49.0611,49.0611,48.3981,48.5700,4769600
CAT,20050308,1600,48.6691,48.9982,48.3253,48.6200,4963000
CAT,20050309,1600,48.3801,48.4341,47.5205,47.5500,5742000
CAT,20050310,1600,47.6362,48.6038,47.5282,48.2600,7006800
CAT,20050311,1600,48.2566,48.9048,48.0503,48.6200,5681600
CAT,20050314,1600,48.0829,48.2548,47.2381,47.4100,8236400
CAT,20050315,1600,47.5249,47.8147,47.2990,47.5200,5436600
CAT,20050316,1600,47.5157,47.7662,46.9067,47.2800,4451800
CAT,20050317,1600,47.3437,47.7612,47.3241,47.5500,3418000
CAT,20050318,1600,47.8903,48.0720,46.9227,47.3500,8858000
CAT,20050321,1600,47.3481,47.6673,47.0534,47.2400,3360200
CAT,20050322,1600,47.4238,47.5859,46.4463,46.5200,4645200
CAT,20050323,1600,46.5450,46.6481,45.9360,45.9900,5007000
CAT,20050324,1600,46.0926,46.5297,45.9600,45.9600,3647400
CAT,20050328,1600,45.9705,46.4421,45.6906,46.2800,4184800
CAT,20050329,1600,45.8783,46.1731,44.0167,44.1100,12307400
CAT,20050330,1600,44.4339,45.0479,44.3947,44.9300,6588000
CAT,20050331,1600,44.9395,45.2096,44.5269,44.9100,4560400
CAT,20050401,1600,45.1887,45.3115,44.1228,44.2800,6363800
CAT,20050404,1600,44.1086,44.5654,43.7500,44.3100,6504800
CAT,20050405,1600,44.4144,44.4979,43.8839,44.3800,4521800
CAT,20050406,1600,44.5069,44.9735,44.5069,44.8900,4596000
CAT,20050407,1600,44.8425,45.1175,44.6460,44.9800,3506600
CAT,20050408,1600,45.1735,45.1834,44.5204,44.5400,3612000
CAT,20050411,1600,44.4570,44.7615,44.2507,44.2900,3357800
CAT,20050412,1600,44.2907,44.9440,43.7946,44.8900,4974400
CAT,20050413,1600,44.8168,44.8168,43.3923,43.5200,6271400
CAT,20050414,1600,43.5066,43.7080,41.8909,41.9400,9787600
CAT,20050415,1600,41.9428,41.9919,40.7248,40.9900,9240600
CAT,20050418,1600,41.0795,41.6296,40.5736,41.0500,6249800
CAT,20050419,1600,41.4499,42.0785,41.4450,41.7200,6874000
CAT,20050420,1600,44.1535,44.2026,43.0583,43.2400,17614800
CAT,20050421,1600,43.5689,44.3584,43.1742,44.2400,9534800
CAT,20050422,1600,44.2460,44.6112,43.7969,44.3200,6380400
CAT,20050425,1600,44.6344,45.2710,44.4568,44.9700,5848800
CAT,20050426,1600,44.9751,45.0738,43.7957,43.8500,5686000
CAT,20050427,1600,43.6573,43.6573,42.5963,43.4500,7964800
CAT,20050428,1600,43.4461,43.5596,42.6270,42.7800,5692800
CAT,20050429,1600,43.2279,43.5487,42.4532,43.4500,5593000
CAT,20050502,1600,43.5312,43.6348,43.0575,43.6200,3590200
CAT,20050503,1600,43.6247,43.7480,43.0423,43.2200,5118800
CAT,20050504,1600,43.3355,44.2483,43.3355,44.1200,3899000
CAT,20050505,1600,44.1278,44.5473,44.0686,44.3400,4534600
CAT,20050506,1600,44.7318,45.0328,44.4357,44.4900,4641600
CAT,20050509,1600,44.4908,44.7573,44.3970,44.5500,3009400
CAT,20050510,1600,44.4621,44.4621,44.0920,44.2400,4095600
CAT,20050511,1600,44.3073,44.9635,43.9619,44.8500,4582400
CAT,20050512,1600,44.8815,45.0542,43.8205,43.8600,7339200
CAT,20050513,1600,43.9200,44.5220,43.6930,43.9200,6188800
CAT,20050516,1600,43.9239,44.6839,43.7710,44.6000,3781200
CAT,20050517,1600,44.7237,45.4293,44.4621,45.3800,4603800
CAT,20050518,1600,45.3999,46.3869,45.3999,46.1500,4985000
CAT,20050519,1600,46.1351,46.2880,45.7946,46.1400,2762400
CAT,20050520,1600,46.3086,46.3086,45.7411,46.2000,2633400
CAT,20050523,1600,46.1582,46.7454,46.1582,46.4000,2723600
CAT,20050524,1600,46.3839,46.4036,45.9645,46.3000,2201800
CAT,20050525,1600,46.0396,46.0988,45.4573,45.6300,3393200
CAT,20050526,1600,45.7561,46.6197,45.7561,46.6000,2630800
CAT,20050527,1600,46.5844,46.6634,46.1847,46.5400,1785400
CAT,20050531,1600,46.5436,46.8644,46.1637,46.4400,3546400
CAT,20050601,1600,46.3600,47.6429,46.2859,47.1100,4999200
CAT,20050602,1600,47.1230,47.3747,46.8318,46.9700,2719000
CAT,20050603,1600,46.9029,47.1743,46.2614,46.3700,3270400
CAT,20050606,1600,46.4649,46.8400,46.2972,46.4600,2420000
CAT,20050607,1600,46.4970,47.3310,46.4279,46.6500,3284200
CAT,20050608,1600,47.2159,47.8228,47.1270,47.6600,7868800
CAT,20050609,1600,47.8433,48.6476,47.7643,48.0900,5370000
CAT,20050610,1600,48.2795,48.3782,47.4901,47.8700,4947600
CAT,20050613,1600,47.8885,48.8754,47.6960,48.1500,4168400
CAT,20050614,1600,48.1613,48.8078,48.0034,48.6400,3807800
CAT,20050615,1600,48.6400,48.8226,48.0479,48.6400,3306600
CAT,20050616,1600,48.8011,48.8801,48.2731,48.5100,4154600
CAT,20050617,1600,48.8479,49.7558,48.6012,49.4400,7572800
CAT,20050620,1600,49.3452,50.0114,49.0886,49.7400,4240600
CAT,20050621,1600,49.9366,50.8149,49.9069,50.4300,6815200
CAT,20050622,1600,50.3357,50.4541,49.5955,49.6300,4394000
CAT,20050623,1600,49.3450,49.5917,48.5308,48.5900,5938200
CAT,20050624,1600,48.5945,48.6784,47.5730,47.8000,7013000
CAT,20050627,1600,47.7904,48.3529,47.3759,47.8200,3729200
CAT,20050628,1600,47.9886,48.3538,47.8850,48.2600,5409600
CAT,20050629,1600,48.2624,48.6325,47.6209,47.6900,6020000
CAT,20050630,1600,47.5185,47.8787,47.0152,47.0300,6712200
CAT,20050701,1600,47.2512,47.4239,47.1327,47.3400,4190400
CAT,20050705,1600,47.2921,47.6128,47.0602,47.4500,4409400
CAT,20050706,1600,47.1780,47.4149,46.8079,47.0300,5080600
CAT,20050707,1600,47.0333,48.1190,46.8803,48.0400,5581000
CAT,20050708,1600,48.2313,49.0602,47.9845,48.7000,5812600
CAT,20050711,1600,49.0635,49.4188,48.7527,49.3300,4666200
CAT,20050712,1600,49.3284,49.3382,48.5537,48.8300,7608800
CAT,20050713,1600,48.8357,49.2848,48.6679,49.2700,15703400
CAT,20050714,1600,49.5405,50.4287,48.8497,50.3300,7034100
CAT,20050715,1600,50.3357,50.3357,49.5659,50.0100,5129700
CAT,20050718,1600,50.0809,50.7224,50.0415,50.1500,4145000
CAT,20050719,1600,51.6835,52.7197,51.5749,52.7000,13782200
CAT,20050720,1600,52.6409,53.1466,51.7783,52.7500,10212300
CAT,20050721,1600,52.8218,53.0003,51.6121,51.8600,8321200
CAT,20050722,1600,52.3071,52.3964,51.3255,51.9700,5118200
CAT,20050725,1600,52.1041,52.2230,51.1820,51.4100,3809600
CAT,20050726,1600,51.5585,51.7865,51.1718,51.3800,2777700
CAT,20050727,1600,51.5567,52.3400,51.1701,52.3400,5410700
CAT,20050728,1600,52.5522,54.1387,52.3539,53.9900,7655600
CAT,20050729,1600,53.5888,53.8763,52.8948,53.4500,5416700
CAT,20050801,1600,53.7385,53.9863,53.2923,53.5600,2991200
CAT,20050802,1600,53.5935,54.1091,53.4646,54.0000,3050600
CAT,20050803,1600,53.7714,53.9994,53.5235,53.9300,3223900
CAT,20050804,1600,53.5997,53.7682,53.2626,53.5600,2862700
CAT,20050805,1600,53.5467,53.6955,52.9815,53.1600,2600200
CAT,20050808,1600,53.5275,53.7853,53.0515,53.2300,2043100
CAT,20050809,1600,53.5429,53.9395,53.2157,53.8800,2262400
CAT,20050810,1600,54.1632,55.1150,54.0938,54.5300,4334500
CAT,20050811,1600,54.6830,55.0300,54.3657,55.0300,2758300
CAT,20050812,1600,54.8953,54.9052,54.0425,54.3400,2446700
CAT,20050815,1600,54.7404,54.8891,54.0960,54.7900,1769700
CAT,20050816,1600,53.9440,54.4399,53.1607,53.2400,4929400
CAT,20050817,1600,53.1488,53.3967,52.7919,53.0100,2256000
CAT,20050818,1600,52.8983,52.9479,52.2538,52.7000,2804500
CAT,20050819,1600,52.9519,54.4889,52.6941,54.3600,4109700
CAT,20050822,1600,54.5384,55.0342,54.0823,54.3500,3190000
CAT,20050823,1600,54.3887,54.7060,53.8036,54.2300,2297600
CAT,20050824,1600,54.1382,54.1482,52.5617,52.7600,3824800
CAT,20050825,1600,52.7715,53.5846,52.7517,52.9500,2792200
CAT,20050826,1600,53.4466,53.5358,52.6929,53.0400,2675700
CAT,20050829,1600,52.7046,53.4483,52.6054,53.2500,2364200
CAT,20050830,1600,52.9433,53.4489,52.4872,53.3200,2737400
CAT,20050831,1600,53.6517,55.1786,53.4236,55.0200,6101400
CAT,20050901,1600,55.4982,56.5195,55.3296,56.4600,6425000
CAT,20050902,1600,56.7188,58.3054,56.5205,57.7600,7003500
CAT,20050906,1600,57.2862,58.3074,56.9591,58.0100,7789300
CAT,20050907,1600,58.4510,58.6295,57.9850,58.5700,4964400
CAT,20050908,1600,57.7111,58.7324,57.3938,57.8400,3981900
CAT,20050909,1600,58.2509,58.4492,57.9138,58.3600,2635200
CAT,20050912,1600,58.4529,58.7900,58.2546,58.7900,2437900
CAT,20050913,1600,58.8207,59.3760,58.3943,58.9000,3694400
CAT,20050914,1600,58.9008,59.0892,57.6712,57.8100,2990000
CAT,20050915,1600,57.8350,58.0333,56.8732,57.2500,3496700
CAT,20050916,1600,57.5076,57.6762,56.5954,57.2300,4872500
CAT,20050919,1600,57.2138,57.6303,56.1628,56.4900,3391300
CAT,20050920,1600,56.9646,57.3315,56.2110,56.3300,3755700
CAT,20050921,1600,56.2234,57.0960,55.8863,56.6300,4223200
CAT,20050922,1600,57.5100,58.1049,57.2919,57.5100,4259900
CAT,20050923,1600,57.8846,58.5985,57.6565,58.4200,3185400
CAT,20050926,1600,57.9095,58.0582,57.1063,57.8500,4682000
CAT,20050927,1600,57.9027,58.4679,57.4070,58.2200,3437700
CAT,20050928,1600,58.9537,59.0529,56.5147,57.0600,3868600
CAT,20050929,1600,57.0736,57.7479,56.7861,57.5000,3083200
CAT,20050930,1600,57.7840,58.6367,57.5163,58.2500,3998200
CAT,20051003,1600,58.2621,58.7281,58.0539,58.5100,2598600
CAT,20051004,1600,58.4005,59.3325,57.2603,57.2900,3642200
CAT,20051005,1600,56.3150,57.1677,55.7301,55.7400,5207900
CAT,20051006,1600,55.8701,55.8701,54.0359,54.7200,6340100
CAT,20051007,1600,55.0493,56.4176,55.0295,56.1400,3593000
CAT,20051010,1600,56.0717,56.3196,54.6141,55.1000,3294400
CAT,20051011,1600,55.3875,56.0617,55.0305,55.0900,3296200
CAT,20051012,1600,55.1825,55.7577,54.0323,54.3000,5345500
CAT,20051013,1600,54.0952,54.4918,52.8261,53.5400,6138100
CAT,20051014,1600,53.9429,54.4486,53.8834,54.2800,4334200
CAT,20051017,1600,54.7285,54.9169,54.0048,54.5600,3286800
CAT,20051018,1600,54.4022,54.4122,53.4901,53.5000,3506900
CAT,20051019,1600,53.5124,54.9798,52.8778,54.9600,3169600
CAT,20051020,1600,54.9655,56.2804,53.1825,53.8200,4197800
CAT,20051021,1600,49.0687,50.2242,48.0626,48.7300,27359300
CAT,20051024,1600,49.3032,50.1498,49.2534,50.1100,8559500
CAT,20051025,1600,50.2294,50.4187,49.7812,50.0900,6928900
CAT,20051026,1600,50.1010,50.9476,49.7623,50.3500,4674400
CAT,20051027,1600,50.2478,50.3972,49.5506,49.7000,5285500
CAT,20051028,1600,49.9536,51.1589,49.6149,50.8700,4307200
CAT,20051031,1600,51.7924,52.9378,51.4736,52.3800,6578000
CAT,20051101,1600,52.3905,52.9682,52.1415,52.5100,6512700
CAT,20051102,1600,52.6433,53.8087,52.6034,53.4800,4261900
CAT,20051103,1600,53.8876,54.2960,53.2401,53.2700,6196500
CAT,20051104,1600,53.5492,53.7285,53.1906,53.3400,3205900
CAT,20051107,1600,53.5320,54.4383,53.1834,54.0300,3193200
CAT,20051108,1600,54.0300,54.4682,53.5121,54.0300,3602200
CAT,20051109,1600,54.0494,54.3283,53.6410,53.8900,2819200
CAT,20051110,1600,53.7131,54.6891,53.6035,54.4700,2939600
CAT,20051111,1600,54.6002,54.7695,54.0624,54.6500,1872100
CAT,20051114,1600,54.5825,55.2698,54.4032,55.2100,3049000
CAT,20051115,1600,55.1820,55.7398,55.1620,55.6800,3922000
CAT,20051116,1600,55.6734,57.0279,55.6734,56.5000,4577900
CAT,20051117,1600,56.7520,57.2699,56.3536,57.2400,4288900
CAT,20051118,1600,57.7671,57.7671,56.6416,57.0500,4075200
CAT,20051121,1600,56.8724,57.5796,56.4641,57.4800,2666000
CAT,20051122,1600,57.4841,58.6695,57.1753,58.5300,3216900
CAT,20051123,1600,58.3677,58.3776,57.6306,57.7800,2714000
CAT,20051125,1600,57.7897,58.2479,57.6602,57.7200,815500
CAT,20051128,1600,57.7479,57.9869,56.8913,57.2200,2200900
CAT,20051129,1600,57.2186,57.5672,56.7106,56.8700,3592600
CAT,20051130,1600,57.0221,57.7592,56.9723,57.5500,2709000
CAT,20051201,1600,57.7739,58.7999,57.6145,58.7700,3140300
CAT,20051202,1600,58.6696,59.2175,58.1716,58.5800,2262100
CAT,20051205,1600,58.4187,58.9068,57.5920,58.1000,3191600
CAT,20051206,1600,58.0222,59.0581,57.7632,58.5700,2689400
CAT,20051207,1600,58.5659,58.8448,57.2711,57.5500,3164300
CAT,20051208,1600,57.3988,57.9566,56.8411,57.1100,2813800
CAT,20051209,1600,57.3620,58.1787,57.0831,57.8600,2288300
CAT,20051212,1600,57.7900,58.3080,57.7701,57.8000,1381800
CAT,20051213,1600,57.7041,59.1882,57.5746,58.7400,2670600
CAT,20051214,1600,58.5001,58.7690,57.8725,58.5200,2373800
CAT,20051215,1600,58.8187,59.2669,58.3904,58.4800,2555400
CAT,20051216,1600,58.7626,59.5096,58.5833,59.4000,5106100
CAT,20051219,1600,58.4126,58.7612,56.1319,56.6000,5652600
CAT,20051220,1600,56.7689,57.4860,56.3506,56.5100,3488000
CAT,20051221,1600,56.8699,57.5073,56.5313,56.8500,2874900
CAT,20051222,1600,57.1741,58.4790,57.1044,58.2200,3101000
CAT,20051223,1600,58.2302,58.6187,58.0111,58.2800,1331800
CAT,20051227,1600,58.2875,59.1540,57.6500,57.6600,2143000
CAT,20051228,1600,57.8192,57.9586,57.1419,57.6100,2213900
CAT,20051229,1600,57.6709,58.5574,57.6510,57.9100,1619900
CAT,20051230,1600,57.6197,57.8687,57.3408,57.5400,2047500
CAT,20060103,1600,57.6397,57.8788,56.8230,57.5700,3697500
CAT,20060104,1600,57.7153,59.1894,57.3170,59.0300,4577200
CAT,20060105,1600,58.7810,59.6176,58.7611,59.0300,4590700
CAT,20060106,1600,59.2339,60.5188,59.1442,60.2100,5692300
CAT,20060109,1600,60.2143,61.4395,60.2143,61.3100,4408800
CAT,20060110,1600,61.1098,61.2791,60.4026,61.0600,3188100
CAT,20060111,1600,60.6318,61.3988,60.4625,61.0900,2755600
CAT,20060112,1600,60.9839,62.4082,60.8644,61.9600,5322500
CAT,20060113,1600,61.7712,62.2394,61.6218,62.0800,1936700
CAT,20060117,1600,61.4450,62.8992,61.4052,62.7100,3623200
CAT,20060118,1600,62.3600,62.7200,61.7000,61.8700,3651400
CAT,20060119,1600,62.0500,63.0000,61.9000,62.5100,2375600
CAT,20060120,1600,62.5100,62.5100,60.4800,60.7800,4439700
CAT,20060123,1600,60.7500,61.4400,60.2600,61.0400,2706500
CAT,20060124,1600,60.7900,61.8600,60.7500,61.3500,3291600
CAT,20060125,1600,61.5000,63.2500,61.1100,62.0700,4772400
CAT,20060126,1600,63.3000,65.4400,62.3000,65.1700,10318100
