Ticker,Date,Time,Open,High,Low,Close,Vol
DD,20030303,1600,35.6881,36.0463,35.2622,35.3300,2363300
DD,20030304,1600,35.3883,35.4754,34.3622,34.4300,2745900
DD,20030305,1600,34.0944,34.5300,33.7652,34.5300,5082600
DD,20030306,1600,34.4058,34.5897,33.9219,33.9800,3619400
DD,20030307,1600,33.9884,34.9274,33.6012,34.8500,4023800
DD,20030310,1600,34.9785,35.3075,34.3300,34.3300,3368300
DD,20030311,1600,34.3571,35.0055,34.2603,34.2700,3942400
DD,20030312,1600,33.9216,34.2700,33.7861,34.2700,4259000
DD,20030313,1600,34.9483,36.1097,34.8805,36.1000,4263400
DD,20030314,1600,36.1066,36.9294,35.7001,36.6100,5766100
DD,20030317,1600,36.6179,37.5374,36.2694,37.4600,5419900
DD,20030318,1600,38.1901,38.9355,37.9481,38.8000,6792700
DD,20030319,1600,39.1504,39.1504,37.9986,38.5600,3838200
DD,20030320,1600,38.5623,38.5623,37.7396,38.3300,3674000
DD,20030321,1600,39.4387,40.3584,38.7321,40.3100,7405400
DD,20030324,1600,39.5041,39.6009,38.4393,38.7200,4721500
DD,20030325,1600,38.8532,39.2501,38.5144,38.9500,4021100
DD,20030326,1600,39.0135,39.4781,38.8006,39.1200,4632700
DD,20030327,1600,38.7636,38.7636,38.2216,38.5700,3196200
DD,20030328,1600,38.0987,38.4084,37.9535,38.3600,2736100
DD,20030331,1600,37.7358,38.0842,37.5035,37.6100,3170000
DD,20030401,1600,37.8435,38.6952,37.3209,38.2500,3572500
DD,20030402,1600,38.8151,39.5410,38.8151,39.2700,3633800
DD,20030403,1600,39.4894,39.4894,38.8119,38.8700,2981800
DD,20030404,1600,38.9671,39.3929,38.5799,39.1800,3648700
DD,20030407,1600,39.7133,40.1973,39.1229,39.2100,4092700
DD,20030408,1600,38.9652,39.1201,38.4813,38.5200,2776300
DD,20030409,1600,38.7677,39.0387,37.7803,37.7900,3525900
DD,20030410,1600,37.7999,38.1290,37.5579,38.1000,3740500
DD,20030411,1600,38.6165,38.9359,37.9971,38.2100,2596900
DD,20030414,1600,38.2162,39.0100,38.1388,39.0100,2821600
DD,20030415,1600,38.7644,39.6065,38.4934,39.5000,3087200
DD,20030416,1600,39.8312,39.9183,38.8826,38.9600,2828200
DD,20030417,1600,38.9718,39.6882,38.9622,39.3300,2593200
DD,20030421,1600,39.4313,39.6830,38.8700,39.1700,3203400
DD,20030422,1600,39.1772,39.7194,38.6255,39.7000,4076400
DD,20030423,1600,39.7066,40.8004,39.4549,40.5100,4589200
DD,20030424,1600,40.2680,40.7520,40.2293,40.5100,3111900
DD,20030425,1600,40.5066,40.7001,39.5000,39.8000,2690000
DD,20030428,1600,39.7996,40.6223,39.7609,40.3900,3062400
DD,20030429,1600,40.8455,41.3778,40.4196,41.0100,4936600
DD,20030430,1600,41.1119,41.7218,40.7150,41.1700,4381900
DD,20030501,1600,41.1626,41.1626,40.1174,40.6400,2981600
DD,20030502,1600,40.9715,41.6200,40.8263,41.6200,3334900
DD,20030505,1600,41.6236,41.8075,41.1590,41.4300,3047900
DD,20030506,1600,41.5251,42.0091,41.3025,41.6800,2710800
DD,20030507,1600,41.4736,41.5704,40.9412,41.2800,2762400
DD,20030508,1600,41.0917,41.5176,40.6561,40.8400,2135100
DD,20030509,1600,40.9587,41.6071,40.7264,41.5200,1889600
DD,20030512,1600,41.5237,42.4142,41.2334,42.2400,2947800
DD,20030513,1600,41.9949,42.3559,41.8583,42.1900,3053700
DD,20030514,1600,42.2008,42.2008,41.5861,41.8300,3610200
DD,20030515,1600,41.9603,42.1555,41.2480,41.5700,3589200
DD,20030516,1600,41.5798,41.7555,40.8968,41.1700,3427600
DD,20030519,1600,41.1672,41.1672,40.1036,40.2500,2826400
DD,20030520,1600,40.2456,40.5286,39.5334,40.0700,2972000
DD,20030521,1600,39.8300,40.2496,39.6153,39.8300,3385800
DD,20030522,1600,39.9100,40.1735,39.6173,39.9100,2952100
DD,20030523,1600,40.0488,40.1757,39.7560,40.0000,2671400
DD,20030527,1600,39.9922,40.9483,39.6799,40.8800,3058900
DD,20030528,1600,40.8102,41.1323,40.6346,40.8200,3966400
DD,20030529,1600,40.9325,41.0301,40.0739,40.2300,3071500
DD,20030530,1600,40.3686,41.1200,40.2125,41.1200,3455800
DD,20030602,1600,41.4729,42.1755,41.3753,41.5900,3026700
DD,20030603,1600,41.6595,41.8840,41.4741,41.6400,2587200
DD,20030604,1600,41.5605,42.4485,41.4727,42.3900,3384000
DD,20030605,1600,42.3839,42.4229,42.0034,42.1400,2453800
DD,20030606,1600,42.5025,42.6391,42.0829,42.2000,3795800
DD,20030609,1600,42.0544,42.2593,41.7129,41.8300,1864900
DD,20030610,1600,42.3995,42.6337,42.1068,42.3800,2505700
DD,20030611,1600,42.6910,42.7398,42.3007,42.7300,2790400
DD,20030612,1600,42.9332,43.7919,42.3478,42.6600,3039900
DD,20030613,1600,43.0761,43.1152,42.1395,42.5200,2408400
DD,20030616,1600,42.5245,43.1100,42.4465,43.1100,2737800
DD,20030617,1600,43.2232,43.2622,42.6378,42.9500,3486600
DD,20030618,1600,42.9347,43.0908,42.4663,42.7200,3110700
DD,20030619,1600,42.4898,42.9093,41.9434,42.0800,3724300
DD,20030620,1600,42.4953,42.4953,41.4219,41.5000,7522300
DD,20030623,1600,41.5038,41.5038,40.5182,40.8500,3223800
DD,20030624,1600,40.9356,41.1406,40.7015,40.7600,3683200
DD,20030625,1600,40.8595,41.3767,40.6936,40.8400,3788600
DD,20030626,1600,41.0502,41.7137,40.8453,41.4600,2855200
DD,20030627,1600,41.3567,41.3567,40.7322,40.8200,2813300
DD,20030630,1600,40.8349,41.1667,40.3080,40.6300,3497700
DD,20030701,1600,40.6319,40.7685,39.8611,40.7100,3025700
DD,20030702,1600,40.8092,41.2093,40.6043,41.1800,2246400
DD,20030703,1600,40.7847,41.0188,40.3944,40.5700,1723400
DD,20030707,1600,40.8180,41.2961,40.7399,41.1400,2961100
DD,20030708,1600,41.1449,41.3205,40.6668,40.9400,2652200
DD,20030709,1600,40.9751,41.2483,40.7409,41.1800,2406900
DD,20030710,1600,41.0325,41.1203,40.3787,40.7300,2276800
DD,20030711,1600,40.7834,41.2127,40.7151,40.9200,1959000
DD,20030714,1600,41.3259,41.4430,41.0234,41.1600,2483600
DD,20030715,1600,41.3918,42.2699,41.0015,41.0600,2281600
DD,20030716,1600,41.1351,41.2717,40.7449,40.9400,1941700
DD,20030717,1600,40.6095,41.0974,40.4924,40.5900,2568000
DD,20030718,1600,40.9740,41.5693,40.6618,41.5400,2812700
DD,20030721,1600,41.1361,41.3508,40.6873,40.9800,2919100
DD,20030722,1600,40.2879,41.8100,40.2879,41.8100,2254300
DD,20030723,1600,41.9623,41.9623,41.2109,41.6500,2682200
DD,20030724,1600,42.0097,43.2392,41.5022,42.4000,4479200
DD,20030725,1600,42.3414,43.7076,42.2341,43.6100,3916600
DD,20030728,1600,43.6027,43.9052,43.1246,43.3100,4168400
DD,20030729,1600,43.3098,43.9537,42.0414,42.9000,4523900
DD,20030730,1600,42.9076,42.9369,42.4392,42.8100,2444400
DD,20030731,1600,42.9386,43.6802,42.6458,42.8800,4466700
DD,20030801,1600,42.9584,42.9975,42.0899,42.4900,2602500
DD,20030804,1600,42.4905,42.7929,41.7099,42.5100,2625100
DD,20030805,1600,42.6089,42.6576,41.7600,41.7600,3072100
DD,20030806,1600,41.7693,42.2474,41.4375,41.7400,2944400
DD,20030807,1600,41.6607,41.8266,41.2412,41.6900,2553100
DD,20030808,1600,41.8127,42.0176,41.4809,41.9200,1723300
DD,20030811,1600,41.9556,42.4044,41.7800,42.1800,2248400
DD,20030812,1600,42.2007,42.6300,41.9567,42.6300,2597800
DD,20030813,1600,42.9834,43.0523,42.4228,42.5900,2951900
DD,20030814,1600,42.5582,43.3451,42.4599,43.0500,2519500
DD,20030815,1600,43.2840,43.3233,42.3494,42.9200,1201400
DD,20030818,1600,43.0265,44.1479,42.9871,44.0200,3631300
DD,20030819,1600,44.1620,44.3390,43.8866,44.2800,3131000
DD,20030820,1600,44.0446,44.5266,43.9757,44.3200,3141900
DD,20030821,1600,44.2679,44.8089,44.0810,44.1400,2859100
DD,20030822,1600,44.3593,44.4478,43.5626,43.7200,2046500
DD,20030825,1600,43.5311,43.6197,43.1081,43.6000,1432900
DD,20030826,1600,43.2658,43.6594,42.4985,43.6200,2025800
DD,20030827,1600,43.6182,43.6772,43.3920,43.5100,1637200
DD,20030828,1600,43.6721,43.9475,42.8852,43.8000,1895100
DD,20030829,1600,43.5280,44.0592,43.3608,44.0100,1880800
DD,20030902,1600,44.1161,44.5882,43.8111,44.4800,2522600
DD,20030903,1600,44.4736,44.7097,43.7260,44.0900,3324300
DD,20030904,1600,43.9659,44.1134,43.5921,43.7200,2892200
DD,20030905,1600,43.7187,43.7285,43.0204,43.6400,2628300
DD,20030908,1600,43.6515,44.7039,43.6515,44.3400,3031500
DD,20030909,1600,44.0159,44.1634,43.5733,43.7700,2682700
DD,20030910,1600,43.7785,43.9162,42.9228,43.0900,3528400
DD,20030911,1600,42.9353,42.9943,42.1975,42.6500,4894600
DD,20030912,1600,42.6489,43.9374,42.3243,43.7800,4411100
DD,20030915,1600,43.7828,44.3042,43.3303,43.3500,2330100
DD,20030916,1600,43.0828,43.4369,42.8074,43.2500,3235800
DD,20030917,1600,42.1735,42.3998,41.4554,41.7800,6682700
DD,20030918,1600,41.7839,42.6594,41.1446,41.4200,5450300
DD,20030919,1600,41.4224,41.5897,40.9798,41.5700,4719000
DD,20030922,1600,41.2690,41.2690,40.3934,40.6000,4057300
DD,20030923,1600,40.5944,40.8797,40.3485,40.8600,2572500
DD,20030924,1600,40.8200,40.8495,39.3151,39.6200,5606300
DD,20030925,1600,39.5405,39.6388,38.9503,38.9700,3786700
DD,20030926,1600,39.0054,39.6251,38.9660,39.3300,4137800
DD,20030929,1600,39.5052,39.8298,39.0232,39.8200,3838300
DD,20030930,1600,39.8224,40.4618,38.9075,39.3600,3489900
DD,20031001,1600,39.3416,39.6269,39.3416,39.4400,4010300
DD,20031002,1600,39.4871,39.5264,39.2116,39.3100,3918800
DD,20031003,1600,39.8641,40.7198,39.7559,40.1100,3608500
DD,20031006,1600,39.9608,40.2559,39.8919,40.0100,1535500
DD,20031007,1600,39.9372,40.5471,39.5339,40.3700,2757600
DD,20031008,1600,40.4280,40.8018,39.9559,40.3100,2650800
DD,20031009,1600,40.6725,40.8200,39.8364,40.2200,2903900
DD,20031010,1600,40.2223,40.3895,39.5928,39.7600,2377300
DD,20031013,1600,39.8892,40.2236,39.7416,39.8400,2529700
DD,20031014,1600,40.0644,40.2218,39.4447,39.7300,3052100
DD,20031015,1600,39.7837,39.8132,39.2035,39.4100,4557400
DD,20031016,1600,39.4283,40.1464,39.2217,39.9300,3376900
DD,20031017,1600,40.0389,40.6094,39.8519,39.9700,4173800
DD,20031020,1600,40.2223,40.3895,39.8387,40.3600,3114900
DD,20031021,1600,40.3292,40.3784,40.1128,40.2800,3531000
DD,20031022,1600,40.2814,40.2814,38.3239,38.5600,8491400
DD,20031023,1600,38.7541,39.3344,38.6557,39.0000,5606300
DD,20031024,1600,39.0005,39.0005,37.9677,38.4300,4299100
DD,20031027,1600,38.6121,38.7892,38.4744,38.7400,3794700
DD,20031028,1600,38.7793,39.3400,38.5628,39.3400,5355400
DD,20031029,1600,39.3377,39.3771,38.7672,39.2000,3734700
DD,20031030,1600,39.6431,40.3317,39.0726,39.8300,4379700
DD,20031031,1600,40.2810,40.4286,39.7007,39.7400,3767400
DD,20031103,1600,39.7369,39.7566,39.3041,39.5500,3842600
DD,20031104,1600,39.6637,39.6637,39.1521,39.2800,3979300
DD,20031105,1600,39.2582,39.4451,38.8844,39.1500,2356100
DD,20031106,1600,39.1449,39.5777,38.8105,39.4400,3037300
DD,20031107,1600,39.7642,40.2757,39.2823,39.4200,4217700
DD,20031110,1600,39.4256,39.9371,39.4059,39.7600,3364100
DD,20031111,1600,39.9243,40.4849,39.7374,40.1800,3500100
DD,20031112,1600,40.3501,40.4294,39.9532,40.3600,2373500
DD,20031113,1600,40.2592,40.4179,40.0310,40.1600,2300300
DD,20031114,1600,40.1577,40.7728,39.6914,39.8700,3200000
DD,20031117,1600,39.8863,40.3427,39.1918,39.4200,4532300
DD,20031118,1600,39.5665,39.7153,39.0902,39.1200,3217800
DD,20031119,1600,39.0913,39.4088,39.0020,39.2600,2396000
DD,20031120,1600,39.0191,39.3365,38.6917,38.9000,2745400
DD,20031121,1600,39.0701,39.3181,38.8617,39.0800,3285400
DD,20031124,1600,39.3424,39.7095,39.3325,39.6500,4138200
DD,20031125,1600,39.5256,40.2300,39.5256,40.2300,4003300
DD,20031126,1600,40.6821,41.3370,40.6424,40.9500,6838100
DD,20031128,1600,41.0209,41.2689,40.9911,41.1300,1265900
DD,20031201,1600,41.6656,42.3600,41.4473,42.3600,5862000
DD,20031202,1600,42.2184,42.2878,41.7619,42.0100,4815800
DD,20031203,1600,42.1057,43.0879,42.1057,42.8200,5633200
DD,20031204,1600,42.9057,43.6100,42.9057,43.6100,5523000
DD,20031205,1600,43.1593,43.3776,43.0303,43.0700,3315000
DD,20031208,1600,43.0049,43.6497,42.9156,43.6100,3050100
DD,20031209,1600,43.8084,43.8481,43.3521,43.6100,4239500
DD,20031210,1600,43.5405,43.7787,43.4314,43.6100,5548700
DD,20031211,1600,43.5514,43.7200,43.1545,43.7200,3968200
DD,20031212,1600,43.7526,44.0800,43.6435,44.0800,2956900
DD,20031215,1600,45.0493,45.0493,43.6902,43.7100,3526500
DD,20031216,1600,43.9316,44.1796,43.5149,44.1300,2614100
DD,20031217,1600,43.9227,44.4982,43.7045,44.2700,2824300
DD,20031218,1600,44.4197,44.6181,43.8541,44.3800,3706000
DD,20031219,1600,44.6385,44.6385,44.1226,44.4500,4561800
DD,20031222,1600,44.4443,44.9800,44.3649,44.9800,3622100
DD,20031223,1600,44.9821,45.3888,44.9622,45.2400,3244700
DD,20031224,1600,45.2487,45.3975,45.0007,45.0900,1110400
DD,20031226,1600,45.0504,45.2885,45.0008,45.1000,625900
DD,20031229,1600,45.1534,45.5800,44.8656,45.5800,2126700
DD,20031230,1600,45.4992,45.5290,45.1718,45.4000,1912200
DD,20031231,1600,45.4010,45.6391,45.2621,45.5300,1790500
DD,20040102,1600,45.6163,45.8048,45.0409,45.1500,2658900
DD,20040105,1600,45.7392,45.7690,45.1836,45.6400,3593700
DD,20040106,1600,45.4588,45.4985,44.9429,45.3100,3082700
DD,20040107,1600,45.3155,45.3155,44.2836,44.7400,3643300
DD,20040108,1600,45.1083,45.2968,44.6421,44.9000,3481900
DD,20040109,1600,44.9015,44.9015,43.7507,43.8400,3220500
DD,20040112,1600,43.9499,44.1087,43.8309,43.9400,3021200
DD,20040113,1600,43.9560,44.0553,43.0630,43.4500,3439500
DD,20040114,1600,43.7629,44.2689,43.6439,44.1300,3187400
DD,20040115,1600,44.4176,44.7351,43.8124,44.1200,2879700
DD,20040116,1600,44.0002,44.9924,43.7522,44.0300,3083300
DD,20040120,1600,44.0679,44.2366,43.5620,43.8100,3262400
DD,20040121,1600,43.8780,43.9574,43.3820,43.6300,3819000
DD,20040122,1600,43.6343,43.6442,42.6620,42.9100,5312400
DD,20040123,1600,42.9355,42.9455,42.1121,42.3800,4110500
DD,20040126,1600,42.2439,42.8591,42.2439,42.7400,3046600
DD,20040127,1600,43.1331,43.4109,42.1905,42.2500,6756100
DD,20040128,1600,42.3676,43.9353,42.3676,43.3300,7017900
DD,20040129,1600,43.9472,43.9472,43.4114,43.5900,6592400
DD,20040130,1600,43.5898,43.7287,43.1631,43.5600,5608600
DD,20040202,1600,43.7477,43.7874,43.3211,43.4600,4902300
DD,20040203,1600,43.3891,43.5181,43.2403,43.2800,3430900
DD,20040204,1600,43.1819,43.7177,42.8346,43.4200,3385600
DD,20040205,1600,43.4132,44.0085,43.2843,43.8200,3944500
DD,20040206,1600,43.6635,44.1397,43.6139,44.1000,5791500
DD,20040209,1600,44.1496,44.2488,43.9809,44.1000,2696300
DD,20040210,1600,43.8531,44.2797,43.8134,44.2400,2905100
DD,20040211,1600,44.4500,44.6500,44.0000,44.6000,5028400
DD,20040212,1600,44.4200,44.8500,44.2100,44.7800,4175200
DD,20040213,1600,44.7100,44.8300,44.2700,44.4600,3122900
DD,20040217,1600,44.4600,45.0400,44.4600,44.9600,3750200
DD,20040218,1600,45.0400,45.5400,44.9600,45.1500,4074100
DD,20040219,1600,45.4000,46.2500,45.3600,45.4400,5101600
DD,20040220,1600,45.6700,45.9000,45.2300,45.2800,2877800
DD,20040223,1600,44.8000,45.6700,44.8000,45.5300,2298900
DD,20040224,1600,45.2500,45.7500,44.7500,45.1600,3012800
DD,20040225,1600,44.9500,45.3500,44.7500,45.2700,2332600
DD,20040226,1600,44.8000,45.2500,44.4900,45.0500,2658300
DD,20040227,1600,45.0600,45.5000,44.7900,45.0900,2816500
DD,20040301,1600,45.4500,45.8900,45.4000,45.6300,2607900
DD,20040302,1600,45.2300,45.4900,44.7800,44.8500,3080000
DD,20040303,1600,44.8000,45.1200,44.5600,45.0700,2650600
DD,20040304,1600,44.9000,45.0000,44.4100,44.5600,3434700
DD,20040305,1600,44.2500,44.9200,43.6000,44.6400,3511400
DD,20040308,1600,44.3500,44.5200,44.1900,44.3500,3297000
DD,20040309,1600,44.1800,44.2200,43.0300,43.3800,4964700
DD,20040310,1600,43.2300,43.2300,41.7000,41.9500,6484700
DD,20040311,1600,41.9800,42.6700,41.4800,41.5500,5814900
DD,20040312,1600,42.0800,42.5200,41.8900,42.3000,4433900
DD,20040315,1600,42.1200,42.2000,40.9400,41.0100,4702400
DD,20040316,1600,41.6700,41.7100,41.1000,41.3400,3687700
DD,20040317,1600,41.6000,41.9100,41.4700,41.7400,2922100
DD,20040318,1600,41.6500,41.7000,40.8800,41.3700,3393100
DD,20040319,1600,41.3700,41.9100,41.0600,41.5500,5601300
DD,20040322,1600,41.1000,41.2900,40.5400,40.8000,3784000
DD,20040323,1600,41.0900,41.3100,40.4500,40.7000,4702300
DD,20040324,1600,40.7700,41.5300,40.7200,41.1500,3827600
DD,20040325,1600,41.6500,42.1500,41.4200,41.9600,4570100
DD,20040326,1600,41.7500,41.9900,41.5100,41.7400,2680900
DD,20040329,1600,41.8900,42.7300,41.8400,42.3600,2893800
DD,20040330,1600,42.4000,42.6000,42.1000,42.4800,2315000
DD,20040331,1600,42.5900,42.6300,41.7900,42.2200,3372900
DD,20040401,1600,42.5800,43.3100,42.3600,42.8400,4311800
DD,20040402,1600,43.7500,44.0400,43.3300,43.7100,4731700
DD,20040405,1600,43.7100,44.0500,43.3300,43.9800,3546300
DD,20040406,1600,44.0000,44.2500,43.7000,44.1600,3471900
DD,20040407,1600,44.0100,44.0100,43.4800,43.6000,3641100
DD,20040408,1600,43.9600,44.0000,43.1200,43.4300,3275800
DD,20040412,1600,43.6300,44.1900,43.5600,44.0600,3018800
DD,20040413,1600,44.2200,44.3800,43.2400,43.6900,3799200
DD,20040414,1600,44.3000,45.0000,44.0600,45.0000,7488500
DD,20040415,1600,45.0000,45.1600,44.6000,45.0700,5046900
DD,20040416,1600,45.2000,45.2000,44.6600,44.9800,3443100
DD,20040419,1600,44.7400,44.9900,44.6300,44.9900,2531300
DD,20040420,1600,45.0000,45.2000,44.5600,44.6300,3877500
DD,20040421,1600,44.5000,44.5900,43.7500,44.2000,3719800
DD,20040422,1600,44.3500,44.9600,44.0600,44.8300,3834000
DD,20040423,1600,45.0200,45.0200,44.2900,44.6500,3826800
DD,20040426,1600,44.7000,45.0700,44.3200,44.9900,3667100
DD,20040427,1600,44.9900,44.9900,44.1900,44.5200,4147200
DD,20040428,1600,44.2000,44.2000,43.2200,43.4100,5063800
DD,20040429,1600,43.3000,43.8600,42.9400,43.3100,4218000
DD,20040430,1600,43.2500,43.3800,42.7500,42.9500,3683700
DD,20040503,1600,43.1300,43.2500,42.6600,43.0800,3923000
DD,20040504,1600,43.3400,43.9200,43.1700,43.5700,4256100
DD,20040505,1600,43.5300,43.7800,43.3000,43.6400,2691400
DD,20040506,1600,43.3300,43.3400,42.5700,43.1100,3644700
DD,20040507,1600,42.9900,43.0100,41.9300,42.0000,3959400
DD,20040510,1600,41.7700,41.8900,41.1000,41.6300,4247900
DD,20040511,1600,41.7500,42.1900,41.5700,41.8700,2936300
DD,20040512,1600,41.2500,41.6600,40.8400,41.6200,4117400
DD,20040513,1600,41.6300,42.1600,41.4500,42.0400,3860900
DD,20040514,1600,42.0000,42.2200,41.6500,41.6900,3860400
DD,20040517,1600,41.3000,41.4800,41.0100,41.1900,3462600
DD,20040518,1600,41.5000,42.0200,41.4000,41.9400,3312500
DD,20040519,1600,42.3300,42.7100,41.7800,41.9300,3171200
DD,20040520,1600,42.0100,42.3800,41.7000,41.8400,2658800
DD,20040521,1600,42.2200,42.6600,41.8900,41.9900,3579700
DD,20040524,1600,42.4100,42.8500,42.1200,42.3800,2582600
DD,20040525,1600,42.4200,42.7500,42.0000,42.7500,2500700
DD,20040526,1600,42.5800,42.8600,42.4700,42.7900,2226800
DD,20040527,1600,42.9800,43.4600,42.9300,43.2200,3494800
DD,20040528,1600,43.2500,43.4000,42.9000,43.2000,2984600
DD,20040601,1600,43.2100,43.3800,43.0100,43.1800,2500600
DD,20040602,1600,43.3500,43.4200,42.6100,43.2400,4581600
DD,20040603,1600,43.2400,43.2500,42.5000,42.5200,3089200
DD,20040604,1600,42.8800,43.1400,42.6400,42.8200,1805900
DD,20040607,1600,42.9700,43.7300,42.9200,43.6100,4010900
DD,20040608,1600,43.3500,43.8500,43.2600,43.8500,3427800
DD,20040609,1600,43.8500,44.0600,43.6700,43.7900,2684900
DD,20040610,1600,43.7900,44.2700,43.6900,43.7600,2260800
DD,20040614,1600,43.7700,43.7800,43.3700,43.5100,2256600
DD,20040615,1600,44.0500,44.1000,43.4200,43.5700,2462400
DD,20040616,1600,43.7700,43.8500,43.2900,43.4400,820800
DD,20040617,1600,43.6600,43.8300,43.3000,43.7600,1518900
DD,20040618,1600,43.7600,44.4700,43.7000,44.0900,3322900
DD,20040621,1600,44.0000,44.7400,43.8000,44.3500,3059500
DD,20040622,1600,44.1000,44.1100,43.4200,44.0000,2792100
DD,20040623,1600,43.8900,44.5000,43.8700,44.4000,2609800
DD,20040624,1600,44.2500,44.4400,43.9100,43.9900,1639800
DD,20040625,1600,44.1000,44.1600,43.7600,43.7600,2944400
DD,20040628,1600,43.8500,44.1500,43.5500,43.7300,3085800
DD,20040629,1600,43.7300,44.2400,43.6700,44.1500,2297800
DD,20040630,1600,44.1500,44.6000,44.0200,44.4200,3626500
DD,20040701,1600,44.7500,44.7800,43.6200,43.8800,3648500
DD,20040702,1600,43.5600,43.7200,43.1200,43.6200,1838800
DD,20040706,1600,43.2600,43.3700,42.6300,42.9100,3762700
DD,20040707,1600,42.6800,43.2500,42.5500,43.0900,2604600
DD,20040708,1600,43.0400,43.1600,42.5600,42.7700,2549600
DD,20040709,1600,42.9500,43.2100,42.7600,43.0900,2420400
DD,20040712,1600,43.0000,43.3500,42.6400,43.2400,2062700
DD,20040713,1600,43.1700,43.1700,42.8000,42.9500,1553600
DD,20040714,1600,42.8300,43.2800,42.5000,42.7600,2199300
DD,20040715,1600,42.9400,42.9900,42.5400,42.6200,1834500
DD,20040716,1600,42.9300,42.9300,42.4500,42.5000,2503400
DD,20040719,1600,42.7500,42.9400,42.5000,42.7200,2294000
DD,20040720,1600,42.3800,42.9000,42.3800,42.7000,1623700
DD,20040721,1600,42.8700,43.1000,42.1500,42.1500,2760600
DD,20040722,1600,42.2600,42.3500,41.3200,42.0700,4648300
DD,20040723,1600,41.9000,42.3600,41.8000,42.2800,3237000
DD,20040726,1600,42.0000,42.2800,41.4400,41.9000,3312800
DD,20040727,1600,41.5000,42.3400,41.1400,42.3100,4584200
DD,20040728,1600,42.0300,42.3800,41.7100,42.2500,3731700
DD,20040729,1600,42.5400,43.0300,42.4000,42.6300,2635900
DD,20040730,1600,42.5000,43.0000,42.2600,42.8700,3141100
DD,20040802,1600,42.8800,43.1700,42.6200,42.9900,2307800
DD,20040803,1600,42.8800,42.9000,42.4500,42.6900,2243800
DD,20040804,1600,42.2500,43.1300,42.2300,43.0800,1201900
DD,20040805,1600,42.9100,43.0800,42.3600,42.5200,2686600
DD,20040806,1600,42.0200,42.2300,41.3800,41.5500,3184000
DD,20040809,1600,41.0000,41.6000,40.7900,41.3400,3493600
DD,20040810,1600,41.3100,41.6800,41.2200,41.5200,527800
DD,20040811,1600,41.3200,41.3900,40.7800,41.1300,3942200
DD,20040812,1600,40.9300,41.1700,40.6200,40.7400,3310900
DD,20040813,1600,40.6700,40.8700,39.8800,40.2100,3748200
DD,20040816,1600,40.4400,41.0400,40.3800,40.9400,3264300
DD,20040817,1600,41.1400,41.6000,41.0500,41.2100,2315900
DD,20040818,1600,41.0500,41.4300,40.9100,41.4300,2429800
DD,20040819,1600,41.2300,41.4200,41.0000,41.2500,1908100
DD,20040820,1600,41.0600,42.0100,41.0600,41.7000,2876500
DD,20040823,1600,41.9600,41.9900,41.5900,41.6200,2046000
DD,20040824,1600,41.7100,42.0000,41.4600,41.9200,2145900
DD,20040825,1600,41.8900,42.6200,41.7500,42.5000,2398800
DD,20040826,1600,42.3900,42.9800,42.3100,42.5700,2119700
DD,20040827,1600,42.5800,42.8700,42.5000,42.5500,1887900
DD,20040830,1600,42.5000,42.8300,42.2400,42.2400,2362700
DD,20040831,1600,42.2500,42.5500,41.9100,42.2600,2484700
DD,20040901,1600,42.5000,42.6500,42.3000,42.3500,1145300
DD,20040902,1600,42.4000,42.7200,42.1100,42.6000,2696100
DD,20040903,1600,42.7200,43.0400,42.6200,42.6600,2548900
DD,20040907,1600,42.7600,43.4500,42.7600,43.1900,2847900
DD,20040908,1600,43.0900,43.1200,42.6300,42.7800,1865200
DD,20040909,1600,42.8000,43.0900,42.7300,42.9000,2415700
DD,20040910,1600,42.8800,43.3800,42.6000,43.3000,3537000
DD,20040913,1600,43.3000,43.4400,43.1000,43.1500,2786900
DD,20040914,1600,43.3400,43.4800,42.7700,42.8100,3119100
DD,20040915,1600,42.9300,43.0800,42.7800,43.0200,750500
DD,20040916,1600,42.9500,43.1500,42.9000,42.9900,2562700
DD,20040917,1600,43.1800,43.2300,42.5100,42.6600,3521800
DD,20040920,1600,42.3000,42.7400,42.2200,42.5400,2498000
DD,20040921,1600,42.5800,42.8000,42.3500,42.5900,2134600
DD,20040922,1600,42.3200,42.4700,41.9900,42.1800,3015700
DD,20040923,1600,42.0600,42.1600,41.6700,41.7100,2910100
DD,20040924,1600,41.8000,41.8600,41.5400,41.7800,3155500
DD,20040927,1600,41.6600,41.7900,41.3500,41.5700,2952900
DD,20040928,1600,41.7300,42.2000,41.6500,42.0800,1680400
DD,20040929,1600,41.9800,42.3800,41.8700,42.3800,2760700
DD,20040930,1600,42.4200,42.8500,42.3600,42.8000,4065700
DD,20041001,1600,42.9500,43.2500,42.7800,43.1500,3321600
DD,20041004,1600,43.1300,43.5000,43.0700,43.2100,2946100
DD,20041005,1600,43.2200,43.3700,42.9100,43.2300,2377200
DD,20041006,1600,43.3400,44.0800,43.2500,44.0500,3867900
DD,20041007,1600,44.0900,44.1000,43.5800,43.5900,2310000
DD,20041008,1600,43.5300,43.7800,43.3000,43.4600,2360600
DD,20041011,1600,43.4200,43.7100,43.3000,43.4300,1288000
DD,20041012,1600,43.0100,43.4800,43.0100,43.3400,2384600
DD,20041013,1600,43.4500,43.5800,42.4200,42.8400,3696500
DD,20041014,1600,42.8400,43.0000,42.6000,42.6600,2169800
DD,20041015,1600,42.6600,42.9700,42.5700,42.7600,2889500
DD,20041018,1600,42.6000,43.3800,42.5600,43.0500,2562800
DD,20041019,1600,43.1500,43.2800,42.8600,42.9300,889500
DD,20041020,1600,42.2800,42.4600,42.1200,42.2800,1335300
DD,20041021,1600,42.2300,42.8300,42.1600,42.5400,2802700
DD,20041022,1600,42.7000,42.9900,41.9800,42.0200,3163100
DD,20041025,1600,41.8600,42.5400,41.6900,42.1800,3254800
DD,20041026,1600,42.1900,42.1900,40.9800,41.4000,6200000
DD,20041027,1600,41.7600,43.0000,41.5800,42.9200,5035800
DD,20041028,1600,42.6500,42.9000,42.1700,42.8500,1903000
DD,20041029,1600,42.6400,43.1300,42.6000,42.8700,2827200
DD,20041101,1600,43.0400,43.1000,42.6500,43.0000,3358800
DD,20041102,1600,42.9500,43.3900,42.9400,43.1700,3217000
DD,20041103,1600,43.5000,43.7400,43.0500,43.2100,3978600
DD,20041104,1600,43.1100,43.9900,42.9600,43.8000,5316000
DD,20041105,1600,44.2400,44.3000,43.6800,44.1800,4426000
DD,20041108,1600,44.0400,44.2900,44.0000,44.1200,2772900
DD,20041109,1600,44.1300,44.6500,44.1200,44.6200,1977300
DD,20041110,1600,42.8387,42.9936,42.6257,42.8000,3647700
DD,20041111,1600,43.0403,43.2533,42.9048,43.0500,2689000
DD,20041112,1600,43.1768,43.2252,42.6831,43.0800,2967800
DD,20041115,1600,43.0422,43.1681,42.8099,43.1100,2781400
DD,20041116,1600,42.9340,43.0889,42.6629,42.7500,2324800
DD,20041117,1600,42.9013,43.4241,42.6979,42.9400,3120100
DD,20041118,1600,42.9375,43.5571,42.9375,43.4700,4157600
DD,20041119,1600,43.5178,43.5275,43.0434,43.4500,4076400
DD,20041122,1600,43.3734,43.8381,43.2572,43.7800,5219100
DD,20041123,1600,43.5932,43.8546,43.2930,43.6900,3978000
DD,20041124,1600,43.6353,44.2549,43.6353,44.1000,4153600
DD,20041126,1600,44.0003,44.1359,43.8551,44.0100,1238500
DD,20041129,1600,43.8610,44.0740,43.4446,43.8900,3752600
DD,20041130,1600,43.6960,43.9575,43.4733,43.8800,4222100
DD,20041201,1600,43.7160,44.5875,43.7160,44.5100,5103300
DD,20041202,1600,44.2970,44.6068,44.1130,44.5100,3961500
DD,20041203,1600,44.3381,44.5608,44.0089,44.2800,2619300
DD,20041206,1600,44.0006,44.1071,43.7780,44.0200,2339300
DD,20041207,1600,43.9860,44.0247,43.4632,43.5600,3588100
DD,20041208,1600,43.4665,44.2411,43.4181,43.9700,3248300
DD,20041209,1600,43.0449,44.5068,43.0449,44.4100,3801700
DD,20041210,1600,44.2973,44.7330,44.2198,44.5200,3219500
DD,20041213,1600,44.5531,45.5600,44.4467,45.5600,5203900
DD,20041214,1600,45.5624,46.0562,45.5140,45.9400,5097200
DD,20041215,1600,46.3272,46.8984,46.2788,46.8500,5877700
DD,20041216,1600,46.8463,46.8947,46.1977,46.4300,3323700
DD,20041217,1600,46.4430,46.6657,46.0364,46.2300,6066400
DD,20041220,1600,46.3526,46.6720,46.0912,46.4300,2490700
DD,20041221,1600,46.3822,47.5246,46.3048,47.3600,5066600
DD,20041222,1600,47.1496,47.5659,47.0043,47.4400,3291100
DD,20041223,1600,47.3338,47.7114,47.3338,47.4500,2321400
DD,20041227,1600,47.5733,47.8153,47.2926,47.3700,1902900
DD,20041228,1600,47.4448,47.7352,47.3286,47.5900,2156900
DD,20041229,1600,47.5094,47.7417,47.2964,47.4900,2170300
DD,20041230,1600,47.5739,47.6611,47.3416,47.3900,1385600
DD,20041231,1600,47.3157,47.6255,47.3157,47.4900,1612400
DD,20050103,1600,47.6859,47.9279,47.3567,47.5600,4411400
DD,20050104,1600,47.5563,47.5563,46.0556,46.5300,5226400
DD,20050105,1600,46.2392,47.1589,45.8713,45.9100,4445600
DD,20050106,1600,45.8225,46.1614,45.8129,45.9000,3278400
DD,20050107,1600,45.9955,46.1311,45.6664,45.8600,2887000
DD,20050110,1600,45.8622,46.0849,45.7073,45.9300,3647100
DD,20050111,1600,45.7675,45.9321,45.4189,45.6900,2898900
DD,20050112,1600,45.8456,45.8843,45.1775,45.7100,3764300
DD,20050113,1600,45.5736,45.7673,45.2638,45.3800,3031800
DD,20050114,1600,45.3570,45.6862,45.2602,45.5700,2780300
DD,20050118,1600,45.3410,45.9897,45.3119,45.9800,3840000
DD,20050119,1600,45.7732,45.9862,45.7732,45.8700,3350000
DD,20050120,1600,45.6719,46.0108,45.6235,45.7300,4353300
DD,20050121,1600,45.6363,45.7234,45.1619,45.2200,5115500
DD,20050124,1600,45.1213,45.3343,44.5500,44.5500,3939800
DD,20050125,1600,44.2867,45.6809,44.2867,45.1000,4734800
DD,20050126,1600,45.2904,45.5034,44.9032,45.0000,3976700
DD,20050127,1600,45.0249,45.5381,44.9378,45.4800,3294900
DD,20050128,1600,45.5267,45.7300,45.2072,45.7300,3254000
DD,20050131,1600,46.0210,46.2243,45.9144,46.0500,3735800
DD,20050201,1600,46.2235,46.5624,46.0492,46.3300,2813400
DD,20050202,1600,46.2814,46.7656,46.2814,46.6300,2592700
DD,20050203,1600,46.4441,46.5894,46.2795,46.5700,2910000
DD,20050204,1600,46.6178,47.1697,46.5307,47.1600,2734100
DD,20050207,1600,47.2459,47.9139,47.2169,47.7300,4189800
DD,20050208,1600,47.6512,48.1836,47.6512,47.9900,4810700
DD,20050209,1600,48.0997,48.2740,47.8383,48.0900,4133400
DD,20050210,1600,48.0712,49.1555,48.0615,49.0200,5226400
DD,20050211,1600,49.0205,50.0150,48.9523,49.8200,5877100
DD,20050214,1600,49.6082,50.0665,49.5692,49.9300,3289200
DD,20050215,1600,49.8163,50.6937,49.7578,50.4500,4174400
DD,20050216,1600,50.4672,51.2473,50.3112,51.1400,4578900
DD,20050217,1600,51.1852,51.3120,50.9318,51.0000,4534600
DD,20050218,1600,50.7963,52.6000,50.7378,52.6000,7175300
DD,20050222,1600,51.4805,52.4263,51.3245,51.5000,7604900
DD,20050223,1600,51.3851,52.1065,51.3266,51.9700,4806800
DD,20050224,1600,51.6735,52.2000,51.5565,52.2000,4567400
DD,20050225,1600,52.1615,52.9805,51.8983,52.6100,3802600
DD,20050228,1600,52.3987,52.6327,51.7260,51.9600,4234500
DD,20050301,1600,52.5495,52.9005,52.1108,52.5300,4677600
DD,20050302,1600,51.9608,52.4189,51.7658,51.9900,4574000
DD,20050303,1600,52.1600,52.4622,51.3605,51.7700,3562800
DD,20050304,1600,51.9614,53.5212,51.9614,53.1800,5431400
DD,20050307,1600,52.8730,52.9510,52.4928,52.6000,2649500
DD,20050308,1600,52.5955,52.6832,52.2543,52.4200,2819900
DD,20050309,1600,52.3300,53.2563,52.3300,53.1100,4344900
DD,20050310,1600,53.1093,53.2165,52.0757,52.6900,3288200
DD,20050311,1600,52.3542,53.1537,52.1300,52.1300,3574600
DD,20050314,1600,52.0343,52.8727,51.8685,52.5900,3079000
DD,20050315,1600,52.5897,52.7262,51.7805,51.8000,2777400
DD,20050316,1600,51.3171,51.4536,50.1083,50.4300,5921400
DD,20050317,1600,50.4070,50.9335,50.1340,50.2900,3644400
DD,20050318,1600,50.4011,50.8592,50.1573,50.8300,6765900
DD,20050321,1600,50.7822,50.8212,49.9145,50.0900,2672400
DD,20050322,1600,50.0695,51.3661,49.9233,50.4400,4689000
DD,20050323,1600,50.4468,50.7685,49.6375,49.9300,4035500
DD,20050324,1600,50.1095,50.3142,49.6610,49.7000,2657600
DD,20050328,1600,49.9307,50.2623,49.6577,49.9600,3210100
DD,20050329,1600,49.9562,50.3754,48.9033,49.0300,4047300
DD,20050330,1600,49.3233,49.9472,49.2550,49.8400,3544600
DD,20050331,1600,49.8430,50.1355,49.6090,49.9600,2774800
DD,20050401,1600,50.2328,50.5838,49.3552,49.5600,3748400
DD,20050404,1600,49.3943,49.4430,48.9457,49.1700,3654500
DD,20050405,1600,49.1393,49.6657,48.9053,49.5000,2742200
DD,20050406,1600,49.7772,50.0892,49.6018,49.6700,2183500
DD,20050407,1600,49.6260,50.3670,49.4310,50.2500,2362400
DD,20050408,1600,50.2490,50.2880,49.4105,49.4300,1976000
DD,20050411,1600,49.4417,49.5587,49.0128,49.1200,1774900
DD,20050412,1600,48.8780,49.1218,47.9712,48.8000,6157500
DD,20050413,1600,48.6984,48.7277,47.1970,47.4700,4761400
DD,20050414,1600,47.4081,47.4178,45.7801,46.1700,6811000
DD,20050415,1600,45.7992,46.3646,45.2143,45.3800,5440200
DD,20050418,1600,45.4350,46.2833,44.9963,46.0200,3734800
DD,20050419,1600,46.4618,47.4269,46.4033,46.9200,4421600
DD,20050420,1600,46.9573,47.0353,46.0700,46.0700,3620700
DD,20050421,1600,46.8985,47.3470,46.3330,47.2300,3098600
DD,20050422,1600,46.8608,47.3287,46.4123,46.8900,3280100
DD,20050425,1600,46.9408,47.6232,46.8433,47.3600,2668700
DD,20050426,1600,46.9906,47.2246,45.7720,45.8500,4563600
DD,20050427,1600,45.5343,45.7488,44.8615,45.3100,5176800
DD,20050428,1600,45.3170,45.7655,44.6540,44.8100,3666800
DD,20050429,1600,45.2378,46.1250,45.1013,45.9300,4096000
DD,20050502,1600,45.9418,46.5170,45.7663,46.0100,2917100
DD,20050503,1600,46.0136,46.8325,45.9161,46.5400,3116300
DD,20050504,1600,46.6103,47.4000,46.6103,47.4000,2801700
DD,20050505,1600,47.3510,47.6434,46.6490,47.0000,2672300
DD,20050506,1600,47.1230,47.3375,46.6452,46.8500,2115700
DD,20050509,1600,46.8455,47.2062,46.6018,47.0600,2207700
DD,20050510,1600,47.0630,47.0630,46.2343,46.4000,3083400
DD,20050511,1600,46.6197,46.8260,45.8828,46.6000,4106700
DD,20050512,1600,46.7426,46.7524,45.5733,45.7600,3944600
DD,20050513,1600,46.6679,46.6778,44.9977,45.4300,5439100
DD,20050516,1600,45.4450,45.7890,45.0422,45.7300,3914900
DD,20050517,1600,45.6410,46.3877,45.3167,46.2600,3028400
DD,20050518,1600,46.5908,47.4948,46.4140,47.2000,3219800
DD,20050519,1600,47.2025,47.2025,46.2789,46.7800,2888100
DD,20050520,1600,46.9360,46.9360,46.0910,46.1500,3417300
DD,20050523,1600,46.2450,46.6774,46.1271,46.5300,2989200
DD,20050524,1600,46.2993,46.4369,45.9849,46.2600,2453000
DD,20050525,1600,46.2736,46.2736,45.5562,45.9100,2130300
DD,20050526,1600,46.2886,46.4065,45.9349,46.2100,1763000
DD,20050527,1600,46.2662,46.2956,45.9321,46.0500,1691200
DD,20050531,1600,46.0537,46.1323,45.6017,45.7000,2513900
DD,20050601,1600,45.7094,46.5741,45.5915,46.2400,2720500
DD,20050602,1600,46.2511,46.2511,45.4552,45.7500,2693700
DD,20050603,1600,45.7520,46.0861,45.3000,45.3000,4878000
DD,20050606,1600,45.3499,45.9788,45.3302,45.9100,2630000
DD,20050607,1600,46.1358,48.5040,45.9000,45.9000,3017000
DD,20050608,1600,46.1190,46.1386,45.4017,45.5000,2482800
DD,20050609,1600,45.4417,45.5891,44.8129,45.5400,3648900
DD,20050610,1600,45.9976,46.8427,45.9583,46.4300,5208200
DD,20050613,1600,46.4232,46.7965,45.9516,46.0400,3778500
DD,20050614,1600,46.3753,46.4441,45.9724,46.1100,3392100
DD,20050615,1600,46.4325,46.4423,45.5974,46.0100,3710800
DD,20050616,1600,46.0454,46.5760,46.0356,46.3500,3702100
DD,20050617,1600,46.3460,46.3656,45.6877,46.1200,5151800
DD,20050620,1600,45.7440,46.1960,45.7342,45.9700,2639600
DD,20050621,1600,46.1160,46.1651,45.6935,45.8900,2573600
DD,20050622,1600,46.0357,46.2617,45.7605,45.7900,2211600
DD,20050623,1600,45.6914,46.0353,44.6400,44.6400,3535400
DD,20050624,1600,44.6369,44.6369,43.8116,43.9000,4877800
DD,20050627,1600,43.9267,44.2705,43.7400,43.7400,3241600
DD,20050628,1600,43.9733,44.2386,43.4427,44.1600,3994900
DD,20050629,1600,43.9974,44.1251,43.6731,43.8500,3441400
DD,20050630,1600,43.3113,43.5865,42.0144,42.2600,9827100
DD,20050701,1600,42.3453,42.5909,41.9621,42.0800,5782100
DD,20050705,1600,41.9845,42.3284,41.7291,42.2400,5388700
DD,20050706,1600,42.2432,42.3906,41.6635,41.8600,4541900
DD,20050707,1600,41.4194,42.1072,40.9870,41.9500,5433800
DD,20050708,1600,42.2094,42.9070,42.0522,42.7400,5495500
DD,20050711,1600,43.2326,43.7435,43.1442,43.3800,4907100
DD,20050712,1600,43.5537,43.5537,42.8660,43.2000,3450600
DD,20050713,1600,43.4407,43.5488,43.0673,43.4800,2709300
DD,20050714,1600,43.7739,43.9704,43.4300,43.4300,2934500
DD,20050715,1600,43.4374,43.6437,43.1131,43.2900,3229900
DD,20050718,1600,43.2934,43.4703,42.8512,42.9200,3554700
DD,20050719,1600,43.3169,43.4938,43.1105,43.1400,4940500
DD,20050720,1600,42.9503,43.7167,42.9011,43.5300,3657900
DD,20050721,1600,43.6942,43.9202,43.2423,43.3700,3545000
DD,20050722,1600,43.3219,43.5577,42.8110,43.4300,3179400
DD,20050725,1600,43.4567,43.9086,43.2700,43.2700,2555400
DD,20050726,1600,41.5108,41.5206,40.1647,40.4300,21176500
DD,20050727,1600,40.7737,41.0193,40.5477,40.9800,8355900
DD,20050728,1600,41.4063,41.5046,41.1214,41.2000,5684100
DD,20050729,1600,41.7631,42.6475,41.5961,41.9400,7863700
DD,20050801,1600,42.1197,42.1295,41.2649,41.5400,4608300
DD,20050802,1600,41.7494,42.3488,41.7003,42.2800,4648000
DD,20050803,1600,42.2509,42.4179,41.8578,42.3000,3088800
DD,20050804,1600,42.3090,42.6430,42.1124,42.2500,4168500
DD,20050805,1600,42.2550,42.3532,41.8816,41.9700,3384900
DD,20050808,1600,42.1877,42.3155,41.5000,41.5000,3185100
DD,20050809,1600,41.6638,42.0569,41.6638,41.8800,3002800
DD,20050810,1600,42.1237,42.3497,41.6717,41.7700,3868000
DD,20050811,1600,41.9156,42.1435,41.1920,41.4200,5657700
DD,20050812,1600,41.3865,41.4361,40.6926,40.9900,5180500
DD,20050815,1600,41.0211,41.3086,40.7436,41.1500,2599700
DD,20050816,1600,41.2133,41.2629,40.4104,40.4600,3595600
DD,20050817,1600,40.5307,41.1552,40.3919,40.6100,3400300
DD,20050818,1600,40.6484,41.1143,40.4403,40.4700,2834000
DD,20050819,1600,40.7566,41.0341,40.3700,40.3700,2755600
DD,20050822,1600,40.5964,40.9731,40.1802,40.2000,3584900
DD,20050823,1600,40.3272,40.3966,40.0002,40.0200,3807000
DD,20050824,1600,40.0267,40.1456,39.5806,39.6500,3271300
DD,20050825,1600,39.6501,39.7195,39.4617,39.6600,3980500
DD,20050826,1600,39.6874,39.7468,39.3008,39.3900,3716400
DD,20050829,1600,39.2808,39.7070,38.8744,39.3700,3552200
DD,20050830,1600,39.1988,39.3276,38.8221,39.0600,4920500
DD,20050831,1600,39.0614,39.2497,38.8533,39.2200,4514500
DD,20050901,1600,39.5159,39.7240,38.9708,39.0600,6557200
DD,20050902,1600,39.2733,39.2733,38.3217,38.5100,5143500
DD,20050906,1600,38.6245,39.1597,38.6245,39.1300,4630000
DD,20050907,1600,39.1525,39.7174,39.1029,39.4300,6092100
DD,20050908,1600,39.2996,39.4681,39.0419,39.2500,4018100
DD,20050909,1600,39.4999,39.5891,39.1530,39.4900,3643900
DD,20050912,1600,39.6509,39.9483,39.5022,39.7500,5346100
DD,20050913,1600,39.7667,39.8956,39.3009,39.4000,4283200
DD,20050914,1600,39.4425,40.2455,39.3533,39.7300,5959600
DD,20050915,1600,39.8293,39.9383,39.5220,39.7500,4451300
DD,20050916,1600,39.9914,40.5068,39.9320,40.1500,7925400
DD,20050919,1600,40.1978,40.4357,39.7517,39.9500,4128200
DD,20050920,1600,40.1010,40.3786,38.9612,39.1000,5733600
DD,20050921,1600,38.9277,39.1954,38.3131,38.6700,6746200
DD,20050922,1600,38.6795,39.0661,38.2731,38.6200,5362900
DD,20050923,1600,38.6581,38.6779,38.2318,38.4400,4719900
DD,20050926,1600,38.8550,38.9541,37.9629,38.2900,4201800
DD,20050927,1600,38.5360,38.6550,37.8620,38.0900,4555200
DD,20050928,1600,38.2651,38.2949,37.5415,37.7100,5948000
DD,20050929,1600,37.8141,38.2997,37.5663,38.2700,4114900
DD,20050930,1600,38.1956,39.1869,38.1856,38.8300,4491500
DD,20051003,1600,39.0848,39.1443,38.4901,38.5000,4362000
DD,20051004,1600,38.6459,38.8044,38.1404,38.1800,3867200
DD,20051005,1600,38.1258,38.2150,37.6203,37.6500,2874600
DD,20051006,1600,37.7974,37.8767,37.3117,37.5000,4902200
DD,20051007,1600,37.6590,37.8276,37.4707,37.5500,3216500
DD,20051010,1600,37.5442,38.1388,37.3559,38.0100,5356100
DD,20051011,1600,38.0214,38.4774,37.9520,38.1800,4454900
DD,20051012,1600,37.9732,38.4390,37.9732,38.3300,4181600
DD,20051013,1600,38.1576,38.5540,37.5927,37.8900,5239600
DD,20051014,1600,38.0070,38.1657,37.5312,37.6700,3685900
DD,20051017,1600,37.6692,37.7386,37.2727,37.5800,3748900
DD,20051018,1600,37.5099,37.7280,37.4009,37.5000,3683100
DD,20051019,1600,37.4969,38.3196,37.2689,38.2700,5312800
DD,20051020,1600,38.5291,39.4510,38.2615,38.4300,6844700
DD,20051021,1600,38.7064,39.1723,38.2703,38.3000,5431000
DD,20051024,1600,38.5663,39.2700,38.5167,39.2700,4766000
DD,20051025,1600,39.7462,40.8959,39.6669,40.4400,14704300
DD,20051026,1600,40.6939,42.1908,40.5948,41.1400,10087500
DD,20051027,1600,41.3470,41.7237,40.9406,41.0100,5227600
DD,20051028,1600,41.0551,41.8282,41.0055,41.6300,5294300
DD,20051031,1600,41.6471,41.6768,41.2704,41.3200,5144100
DD,20051101,1600,41.3402,41.7961,41.1717,41.3600,5007400
DD,20051102,1600,41.4360,42.4471,41.3468,42.1200,5172900
DD,20051103,1600,42.3227,42.7589,42.2930,42.6300,6426700
DD,20051104,1600,42.7912,42.9696,42.4443,42.9300,5489100
DD,20051107,1600,42.9281,42.9381,42.5416,42.7200,4173800
DD,20051108,1600,42.7689,42.8382,42.4814,42.6400,4094800
DD,20051109,1600,42.2750,42.5129,41.7100,41.7100,14700300
DD,20051110,1600,41.9000,42.3100,41.7500,42.2600,5683900
DD,20051111,1600,42.4200,42.5800,42.0900,42.5000,3481600
DD,20051114,1600,42.5800,42.5800,42.1000,42.3000,3801900
DD,20051115,1600,42.5800,42.6700,42.1900,42.3500,4449800
DD,20051116,1600,42.3000,42.4000,41.7700,41.8900,4110800
DD,20051117,1600,41.9000,42.2900,41.9000,42.2600,3150000
DD,20051118,1600,42.7600,42.7700,42.2100,42.4500,4621000
DD,20051121,1600,42.4500,43.1900,42.3700,42.9100,6023700
DD,20051122,1600,42.9200,43.1900,42.7300,43.1500,3974100
DD,20051123,1600,42.9500,43.0800,42.7000,42.8200,3219900
DD,20051125,1600,42.7200,43.2300,42.7200,43.1500,1201300
DD,20051128,1600,43.1500,43.2200,42.8800,43.1100,3108200
DD,20051129,1600,43.2200,43.7200,43.2100,43.4300,4365100
DD,20051130,1600,43.4400,43.7300,42.7300,42.7500,5546100
DD,20051201,1600,43.0300,43.4700,43.0200,43.3200,4032000
DD,20051202,1600,43.2800,43.3900,43.0500,43.1600,2847800
DD,20051205,1600,43.0500,43.1500,42.8000,43.1000,3014400
DD,20051206,1600,43.3500,43.8100,43.2300,43.4800,3743600
DD,20051207,1600,43.3700,43.5100,42.9500,43.0800,2936000
DD,20051208,1600,43.0800,43.2900,42.8000,42.9900,3439100
DD,20051209,1600,43.1000,43.1000,42.6900,42.8600,2833500
DD,20051212,1600,42.9000,43.0900,42.5600,42.8600,2212900
DD,20051213,1600,42.8600,43.5600,42.8500,43.2800,3493300
DD,20051214,1600,43.2900,43.5600,43.1100,43.1800,3121700
DD,20051215,1600,43.2400,43.6600,42.7600,42.9100,3425000
DD,20051216,1600,43.0000,43.0600,42.2700,42.5000,6599100
DD,20051219,1600,42.3800,42.5500,41.9000,42.1500,3071200
DD,20051220,1600,42.1800,42.6100,41.9300,41.9500,2667900
DD,20051221,1600,42.0300,43.1600,42.0300,42.8000,5154800
DD,20051222,1600,42.9300,43.1200,42.8200,42.8900,3310600
DD,20051223,1600,42.9000,43.1700,42.7400,43.0100,2425100
DD,20051227,1600,43.1200,43.6100,42.9600,43.0200,3274400
DD,20051228,1600,42.9300,43.4700,42.9300,43.2600,2628800
DD,20051229,1600,43.1500,43.4900,42.9300,43.0200,2450300
DD,20051230,1600,42.8000,42.8600,42.4500,42.5000,2462200
DD,20060103,1600,43.4200,43.4200,42.2700,43.0600,4821400
DD,20060104,1600,42.9600,43.0000,42.6100,42.8200,3390500
DD,20060105,1600,42.6700,43.0900,42.5900,42.7400,3110700
DD,20060106,1600,42.9000,42.9900,42.6100,42.9200,2970000
DD,20060109,1600,42.8500,42.9600,42.6300,42.6700,2664600
DD,20060110,1600,42.3100,42.5900,42.1200,42.5500,3047100
DD,20060111,1600,41.1800,41.6600,40.7600,41.1400,12596800
DD,20060112,1600,41.0300,41.0400,40.2200,40.2400,8535200
DD,20060113,1600,40.2400,40.4900,39.9900,40.0700,4855400
DD,20060117,1600,39.9100,40.1800,39.8800,39.9500,4629600
DD,20060118,1600,39.9000,40.0300,39.7000,39.7300,4141300
DD,20060119,1600,39.9300,40.3000,39.8500,39.8900,4488000
DD,20060120,1600,39.8900,39.9700,39.4600,39.5200,5146500
DD,20060123,1600,39.5300,40.1600,39.5300,39.5500,4736300
DD,20060124,1600,39.5000,39.7800,38.6200,39.2600,10505700
DD,20060125,1600,39.5100,39.5500,38.9900,39.2100,6084400
DD,20060126,1600,39.7100,40.0600,39.4200,39.8100,6605900
