Ticker,Date,Time,Open,High,Low,Close,Vol
GE,20030303,1600,23.5925,23.8849,23.2025,23.3000,21023300
GE,20030304,1600,23.1418,23.2101,22.7030,22.8200,16680100
GE,20030305,1600,22.6736,23.3075,22.6639,23.2100,21168300
GE,20030306,1600,23.0088,23.4572,22.9113,23.3500,20613700
GE,20030307,1600,22.9101,23.7875,22.8126,23.6900,28621100
GE,20030310,1600,23.3025,23.4780,23.0100,23.0100,20142100
GE,20030311,1600,23.0821,23.3746,22.7602,22.7700,21506000
GE,20030312,1600,22.6444,23.2100,22.5859,23.2100,22940100
GE,20030313,1600,23.5952,24.5995,23.5952,24.5800,38540500
GE,20030314,1600,24.6200,25.0295,24.3275,25.0100,29924900
GE,20030317,1600,24.3719,25.7367,24.1282,25.6100,34557500
GE,20030318,1600,25.6425,25.7888,25.3013,25.7400,25136000
GE,20030319,1600,25.7347,26.3490,25.4714,26.3100,24912900
GE,20030320,1600,26.1898,26.2775,25.7705,26.1800,24890200
GE,20030321,1600,26.5590,27.3000,26.4225,27.3000,39905500
GE,20030324,1600,26.1770,27.2494,25.8455,26.0600,27822200
GE,20030325,1600,26.0662,26.5050,25.7444,26.3100,22126100
GE,20030326,1600,26.3106,26.4081,25.8620,25.9400,21602800
GE,20030327,1600,25.3997,25.8678,25.2925,25.7800,20937700
GE,20030328,1600,25.5945,25.7700,25.3702,25.3800,16256600
GE,20030331,1600,24.8113,25.8349,24.6845,24.8600,24471400
GE,20030401,1600,24.9144,25.6653,24.8657,25.4800,21391600
GE,20030402,1600,26.2725,26.5845,26.0483,26.3700,27475800
GE,20030403,1600,26.5968,27.2012,25.9338,26.8600,28277900
GE,20030404,1600,26.8815,27.0960,26.6475,26.9400,17288800
GE,20030407,1600,27.6356,27.9769,27.0407,27.0700,27382400
GE,20030408,1600,27.2527,27.5453,27.1065,27.3600,17955500
GE,20030409,1600,27.1856,27.3513,26.4737,26.6200,25533900
GE,20030410,1600,26.6122,26.7098,26.2319,26.7000,16678800
GE,20030411,1600,26.9893,27.2330,26.6675,26.9600,17959600
GE,20030414,1600,26.7092,27.0993,26.5922,27.0700,16071900
GE,20030415,1600,27.2000,27.6095,27.0440,27.5900,20397500
GE,20030416,1600,27.5882,27.8124,27.0910,27.1300,16556700
GE,20030417,1600,27.1462,27.7898,27.0877,27.7800,16099300
GE,20030421,1600,27.7623,27.8208,26.7872,27.4600,12801100
GE,20030422,1600,27.4021,28.2700,27.3533,28.2700,20658200
GE,20030423,1600,28.2699,28.7673,28.1139,28.6600,20573000
GE,20030424,1600,28.2725,28.5552,28.0385,28.3700,17787600
GE,20030425,1600,28.3410,28.4677,28.0680,28.3800,19262100
GE,20030428,1600,28.0293,29.0335,28.0293,28.7800,20062400
GE,20030429,1600,28.9430,28.9821,28.4262,28.6700,20857800
GE,20030430,1600,28.5443,28.8562,28.4175,28.7100,22146000
GE,20030501,1600,28.7112,28.7112,27.6583,28.3700,20380600
GE,20030502,1600,28.0770,28.5255,28.0478,28.3500,20404400
GE,20030505,1600,28.3148,28.4708,28.0027,28.1100,17300300
GE,20030506,1600,28.0683,28.6045,28.0683,28.3900,18448000
GE,20030507,1600,28.4908,28.4908,28.0130,28.1300,18733600
GE,20030508,1600,27.9843,28.2378,27.6722,27.7600,15109400
GE,20030509,1600,27.8899,28.3678,27.3828,28.2800,14971800
GE,20030512,1600,28.1622,28.3475,28.0355,28.2500,16037400
GE,20030513,1600,28.0350,28.2983,27.6157,27.8400,18987900
GE,20030514,1600,28.1532,28.1532,27.6853,27.8900,15937800
GE,20030515,1600,27.9845,28.2088,27.6432,27.7700,16075100
GE,20030516,1600,27.6862,27.8032,27.1500,27.1500,26335300
GE,20030519,1600,26.9575,27.0745,26.7723,26.8600,18787300
GE,20030520,1600,27.0498,27.2935,26.6695,27.0400,17056200
GE,20030521,1600,26.7442,27.0562,26.7150,26.9100,16583900
GE,20030522,1600,27.0107,27.1960,26.9035,27.0400,17554500
GE,20030523,1600,27.0378,27.2133,26.9110,26.9500,12470500
GE,20030527,1600,26.8103,27.8047,26.7323,27.6000,22496500
GE,20030528,1600,27.8330,27.8525,27.4235,27.5600,18433100
GE,20030529,1600,27.5595,28.2224,27.1306,27.5400,19311400
GE,20030530,1600,27.6875,28.0580,27.5510,27.9800,23629200
GE,20030602,1600,28.6896,28.6896,28.1045,28.2800,20997600
GE,20030603,1600,28.2713,28.3980,28.0275,28.3200,14795900
GE,20030604,1600,28.3570,28.7373,28.2497,28.6300,17274500
GE,20030605,1600,28.6012,29.1083,28.2794,29.0400,19637500
GE,20030606,1600,29.4523,29.7545,29.1110,29.5400,28558400
GE,20030609,1600,29.3022,29.5850,29.2925,29.3900,16455700
GE,20030610,1600,29.5472,29.8300,29.4399,29.8300,15457900
GE,20030611,1600,29.8297,30.3465,29.6932,30.2100,16908500
GE,20030612,1600,30.3095,30.4167,29.8903,30.2900,16943400
GE,20030613,1600,30.2212,30.2992,29.4121,29.8800,16620200
GE,20030616,1600,30.0822,30.5698,29.9944,30.5600,18743300
GE,20030617,1600,30.6345,30.8685,30.3908,30.4200,19250700
GE,20030618,1600,30.3305,30.5352,29.9308,29.9600,19267600
GE,20030619,1600,29.5000,29.6072,28.8663,29.1100,34908700
GE,20030620,1600,29.4453,29.5525,29.0650,29.2600,37775200
GE,20030623,1600,29.2077,29.5002,29.0030,29.1200,16911800
GE,20030624,1600,29.1215,29.3262,29.0728,29.1800,15937900
GE,20030625,1600,29.0955,29.3198,28.5105,28.5300,19249200
GE,20030626,1600,28.5119,28.9830,28.4235,28.6100,16964600
GE,20030627,1600,28.6593,29.4052,28.0017,28.0900,17794100
GE,20030630,1600,28.1893,28.4543,28.0224,28.1500,15558100
GE,20030701,1600,27.9528,28.2669,27.5602,28.1000,20835200
GE,20030702,1600,28.2861,28.3450,27.8935,28.0800,21819500
GE,20030703,1600,28.0887,28.2654,27.8826,28.0200,12294700
GE,20030707,1600,28.3864,28.9457,28.3275,28.7200,19605700
GE,20030708,1600,28.7214,28.7214,28.1130,28.2700,22860100
GE,20030709,1600,28.3112,28.3995,27.7813,27.8500,28195400
GE,20030710,1600,27.8464,28.1114,27.4736,27.6600,21155700
GE,20030711,1600,27.8257,28.3165,27.4724,27.6000,28780300
GE,20030714,1600,27.9715,28.2070,27.4906,27.5200,22771900
GE,20030715,1600,27.7093,27.7976,27.0028,27.1500,24730200
GE,20030716,1600,27.2037,27.2724,26.6247,26.8700,22042800
GE,20030717,1600,26.6491,27.0613,26.4037,26.6000,23477800
GE,20030718,1600,27.0637,27.3385,26.6909,27.2600,20152900
GE,20030721,1600,27.2485,27.3270,26.5126,26.6500,17010100
GE,20030722,1600,26.6939,26.9491,26.4976,26.9000,17399500
GE,20030723,1600,26.8904,26.9296,26.4978,26.9100,18908500
GE,20030724,1600,27.1361,27.4600,26.8613,26.9300,19250800
GE,20030725,1600,27.1640,27.9589,27.0658,27.9000,23574600
GE,20030728,1600,28.0166,28.2620,27.6830,27.8400,18566700
GE,20030729,1600,27.8511,27.8707,27.2819,27.3800,18375600
GE,20030730,1600,27.6267,27.6659,27.1850,27.4500,13678500
GE,20030731,1600,27.8217,28.4399,27.5175,27.9100,27435100
GE,20030801,1600,27.6748,28.1459,27.6748,27.9300,16840800
GE,20030804,1600,27.9304,28.0678,27.2827,27.9500,15046700
GE,20030805,1600,27.7314,27.9473,27.2407,27.2800,16239500
GE,20030806,1600,27.2777,27.5721,27.0128,27.1600,17207500
GE,20030807,1600,27.1674,27.5993,26.6767,27.5600,13142000
GE,20030808,1600,27.4226,27.7170,27.4226,27.5600,10593300
GE,20030811,1600,27.5243,27.9266,27.4752,27.7500,11657800
GE,20030812,1600,27.7902,27.8687,27.4565,27.8000,14087300
GE,20030813,1600,27.9122,27.9515,27.3332,27.5000,15337700
GE,20030814,1600,27.6765,28.2065,27.5097,28.0200,19531900
GE,20030815,1600,28.1615,28.4362,28.0732,28.2400,14257500
GE,20030818,1600,28.4550,29.2891,28.4256,29.2400,25953200
GE,20030819,1600,29.3391,29.4372,28.7798,29.2900,21179600
GE,20030820,1600,29.2827,29.2827,28.7037,28.9000,16401800
GE,20030821,1600,29.1485,29.7178,29.0700,29.6000,24496600
GE,20030822,1600,29.7321,29.8204,29.1924,29.3200,19923200
GE,20030825,1600,29.2213,29.2900,28.9956,29.2900,11508900
GE,20030826,1600,29.0943,29.3887,28.8490,29.3200,14060300
GE,20030827,1600,29.0822,29.2589,29.0528,29.2000,12185300
GE,20030828,1600,29.2478,29.3459,28.8552,29.1300,13707300
GE,20030829,1600,29.0298,29.1476,28.7550,29.0200,13129600
GE,20030902,1600,29.1929,29.9191,29.0261,29.8700,24469700
GE,20030903,1600,29.9806,30.6774,29.9414,30.5400,34207100
GE,20030904,1600,30.5339,30.7694,30.4357,30.7400,18892100
GE,20030905,1600,30.3619,30.6268,30.2441,30.4600,18543900
GE,20030908,1600,30.4565,30.9374,30.0344,30.8000,15212200
GE,20030909,1600,30.4819,30.6880,30.3248,30.5800,16168700
GE,20030910,1600,30.4696,30.6561,30.3224,30.4500,18147000
GE,20030911,1600,30.4681,31.0568,30.4681,30.8900,20060800
GE,20030912,1600,30.8419,31.0087,30.5475,30.9400,16634100
GE,20030915,1600,30.9182,31.1635,30.6728,30.8200,14279600
GE,20030916,1600,30.6529,31.4382,30.6529,31.3400,20066600
GE,20030917,1600,31.1889,31.3459,30.8945,31.1300,19185500
GE,20030918,1600,31.1764,31.5787,31.1175,31.5100,22265400
GE,20030919,1600,31.8209,31.8209,30.9376,31.3400,23219700
GE,20030922,1600,31.0163,31.3108,30.6237,30.8200,18566300
GE,20030923,1600,30.7149,31.0093,30.5971,30.9700,13109000
GE,20030924,1600,31.0154,31.1037,30.2400,30.2400,19129600
GE,20030925,1600,30.4444,31.2047,29.9605,30.0000,19008100
GE,20030926,1600,29.7469,29.9345,28.9469,29.5000,22431000
GE,20030929,1600,29.6246,30.2764,29.6049,29.9900,20938700
GE,20030930,1600,29.8745,29.9140,29.2524,29.4400,28837600
GE,20031001,1600,29.4402,30.2895,29.4303,30.2500,23842500
GE,20031002,1600,30.1527,30.5081,30.0441,30.3600,17667900
GE,20031003,1600,30.7558,30.9039,30.3609,30.4300,20911100
GE,20031006,1600,30.6073,30.6567,30.3408,30.4000,13471800
GE,20031007,1600,30.2009,30.4280,30.1317,30.2700,19041600
GE,20031008,1600,30.1656,30.2643,29.7706,29.8200,21670200
GE,20031009,1600,30.1450,30.1647,29.6216,29.7500,26752700
GE,20031010,1600,29.2758,29.2758,28.8315,28.9500,39152600
GE,20031013,1600,29.1527,29.1823,28.2935,28.5700,29537600
GE,20031014,1600,28.5349,28.9200,28.2980,28.9200,21406800
GE,20031015,1600,29.0430,29.0825,28.3814,28.4900,23436800
GE,20031016,1600,28.4724,28.7785,28.4230,28.6600,16644900
GE,20031017,1600,28.6541,28.6936,28.0616,28.1900,21286800
GE,20031020,1600,28.3904,28.4200,28.1534,28.4200,16070600
GE,20031021,1600,28.6385,28.6385,28.4212,28.5200,16186500
GE,20031022,1600,28.4145,28.4145,27.9406,27.9900,20064000
GE,20031023,1600,27.9905,28.3657,27.8819,28.0300,18290000
GE,20031024,1600,28.0389,28.0488,27.6537,27.9500,17771700
GE,20031027,1600,28.1465,28.1959,27.7811,27.8700,16609000
GE,20031028,1600,28.1205,28.1797,27.8737,28.1600,19283200
GE,20031029,1600,28.1639,28.7860,28.0651,28.4700,20577400
GE,20031030,1600,28.7866,28.8854,28.4311,28.5200,20940700
GE,20031031,1600,28.5907,28.8870,28.5907,28.6500,16863700
GE,20031103,1600,28.6869,28.8943,28.4400,28.4400,18126300
GE,20031104,1600,28.4481,28.4481,28.0433,28.3000,19007700
GE,20031105,1600,28.0503,28.2181,27.8923,28.0700,17140600
GE,20031106,1600,27.9418,28.0800,27.6949,28.0800,15762600
GE,20031107,1600,28.1848,28.2440,27.7107,27.7700,17998300
GE,20031110,1600,27.8793,27.8891,27.7410,27.8200,14037900
GE,20031111,1600,27.7995,27.8390,27.6217,27.7600,15770600
GE,20031112,1600,27.7673,28.4387,27.7475,28.3400,23640400
GE,20031113,1600,28.2367,28.3650,27.7924,27.9800,24937400
GE,20031114,1600,27.8954,27.9250,27.5004,27.5300,27533200
GE,20031117,1600,27.3218,28.4869,27.0255,27.4600,23500900
GE,20031118,1600,28.0603,28.5539,28.0405,28.0800,41093700
GE,20031119,1600,28.6359,29.1592,28.5865,29.1000,44900400
GE,20031120,1600,28.7579,29.0937,28.4320,28.5900,24407500
GE,20031121,1600,28.7134,29.5725,28.1704,28.2000,24952100
GE,20031124,1600,28.4492,28.5776,28.2616,28.3900,18272900
GE,20031125,1600,28.4117,28.7376,28.2636,28.5500,16317000
GE,20031126,1600,28.7457,28.7655,28.1730,28.4100,15137500
GE,20031128,1600,28.4877,28.5371,28.2903,28.3100,8372200
GE,20031201,1600,28.8379,28.8478,28.4231,28.6700,19829700
GE,20031202,1600,28.6656,29.1100,28.5867,29.1100,24205400
GE,20031203,1600,29.2191,29.3277,28.9525,29.1500,25066600
GE,20031204,1600,29.0268,29.1749,28.7306,28.7800,19621200
GE,20031205,1600,28.7993,29.0363,28.6511,28.7400,13716000
GE,20031208,1600,28.7828,29.0395,28.7828,29.0000,15077000
GE,20031209,1600,29.1308,29.4369,29.0715,29.1900,24682500
GE,20031210,1600,29.2809,29.3500,29.1722,29.3500,22898800
GE,20031211,1600,29.3682,30.0891,29.3682,30.0200,28669600
GE,20031212,1600,29.8979,30.0657,29.5720,29.7300,20599000
GE,20031215,1600,30.2067,30.2166,29.7328,29.9500,26989400
GE,20031216,1600,30.0429,30.4181,29.8355,30.2700,25709500
GE,20031217,1600,30.2610,30.3400,30.0537,30.3400,21663400
GE,20031218,1600,30.4797,30.5192,30.3415,30.4600,24383300
GE,20031219,1600,30.5000,30.6086,30.1248,30.5000,25295800
GE,20031222,1600,30.4125,30.6100,30.3434,30.6100,16271500
GE,20031223,1600,30.5619,30.8976,30.5224,30.7100,15449100
GE,20031224,1600,30.6581,30.6680,30.4014,30.5100,5805500
GE,20031226,1600,30.4978,30.5768,30.3103,30.3300,5089000
GE,20031229,1600,30.5108,30.6400,30.3319,30.6400,16634500
GE,20031230,1600,30.6393,30.6691,30.3909,30.5300,14046300
GE,20031231,1600,30.4421,30.7900,30.3925,30.7900,16831900
GE,20040102,1600,30.8107,31.3872,30.7312,30.9300,18338500
GE,20040105,1600,31.0520,31.3900,30.9228,31.3900,19598900
GE,20040106,1600,31.2297,31.3390,31.0110,31.1800,16464000
GE,20040107,1600,31.1620,31.4900,30.9731,31.4900,18573600
GE,20040108,1600,31.6624,32.0500,31.4736,32.0500,27010800
GE,20040109,1600,31.4609,31.9977,31.4609,31.6100,24000200
GE,20040112,1600,31.7608,31.9099,31.7310,31.9000,18626300
GE,20040113,1600,31.8176,31.9369,31.1715,31.4200,26726300
GE,20040114,1600,31.6012,31.8498,31.3428,31.8100,16448300
GE,20040115,1600,31.8796,31.9591,31.4621,31.8100,19820000
GE,20040116,1600,32.2057,33.2693,32.0367,33.1500,50356900
GE,20040120,1600,33.5477,33.5477,32.9711,33.1600,26426900
GE,20040121,1600,33.2624,33.8288,32.8251,33.6400,21386800
GE,20040122,1600,33.7773,33.8468,33.2206,33.3200,17891300
GE,20040123,1600,33.4474,33.6859,32.8808,33.0100,16320000
GE,20040126,1600,33.2741,33.9896,33.2144,33.9300,21332100
GE,20040127,1600,34.0396,34.2483,33.8210,33.9800,20280700
GE,20040128,1600,34.0968,34.3652,33.3115,33.5600,27114500
GE,20040129,1600,33.7902,33.9393,33.4523,33.8200,20786300
GE,20040130,1600,33.6586,33.7680,33.2809,33.4300,17186900
GE,20040202,1600,33.4896,33.7580,33.1218,33.4300,18672000
GE,20040203,1600,33.4573,33.4573,32.9305,33.0100,16444800
GE,20040204,1600,32.8607,33.7851,32.7017,32.9800,20106100
GE,20040205,1600,33.1113,33.4989,32.8528,33.3200,13462800
GE,20040206,1600,33.0695,33.2484,32.7812,32.9800,18326700
GE,20040209,1600,33.1472,33.1472,32.6005,32.6900,15430000
GE,20040210,1600,32.9659,32.9659,32.2006,32.3000,22184600
GE,20040211,1600,32.3035,33.1285,32.1544,32.8800,23808200
GE,20040212,1600,32.9482,33.0476,32.4513,32.6600,15483500
GE,20040213,1600,32.7983,32.9672,32.5200,32.5200,16163400
GE,20040217,1600,32.8798,32.9892,32.7307,32.8500,14970700
GE,20040218,1600,32.8482,33.0370,32.5500,32.5500,15276100
GE,20040219,1600,32.7975,32.8969,32.3801,32.4000,18374000
GE,20040220,1600,32.5894,32.6888,32.3012,32.5000,17531100
GE,20040223,1600,32.5540,33.2796,32.5142,33.2200,20830700
GE,20040224,1600,33.2092,33.4577,32.8514,33.0800,21163300
GE,20040225,1600,33.0980,33.1079,32.7203,32.7700,16815600
GE,20040226,1600,32.7200,32.8900,32.6100,32.6700,16717200
GE,20040227,1600,32.7500,32.9500,32.5200,32.5200,17012000
GE,20040301,1600,32.6900,32.9300,32.5100,32.7900,15690800
GE,20040302,1600,32.9300,32.9500,32.4200,32.4900,18938400
GE,20040303,1600,32.4600,32.8700,32.4100,32.8500,14797700
GE,20040304,1600,32.7000,32.9500,32.7000,32.9000,15287500
GE,20040305,1600,32.6500,33.4800,32.6000,32.7700,18573000
GE,20040308,1600,32.5000,32.5000,31.7600,31.8300,27443300
GE,20040309,1600,31.5900,31.7000,31.3100,31.5600,58142400
GE,20040310,1600,31.6400,31.6600,30.9000,31.1000,40497500
GE,20040311,1600,30.9200,31.1500,30.2600,30.4200,42291200
GE,20040312,1600,30.6300,30.7700,30.4600,30.6000,28106600
GE,20040315,1600,30.8500,30.9400,30.1300,30.3000,34590500
GE,20040316,1600,30.6500,30.6900,30.1000,30.5000,25267500
GE,20040317,1600,30.6000,30.8500,30.5100,30.7600,24289500
GE,20040318,1600,30.6300,30.7800,30.3000,30.7200,26695200
GE,20040319,1600,30.6200,30.7100,30.1100,30.1400,40369800
GE,20040322,1600,29.9400,30.0000,29.0200,29.4100,45559200
GE,20040323,1600,29.7900,29.8600,29.1900,29.2000,59053800
GE,20040324,1600,29.0500,29.2000,28.8800,29.1800,58666800
GE,20040325,1600,29.2100,29.7500,29.1000,29.7000,55518800
GE,20040326,1600,30.0200,30.9000,30.0200,30.1000,69142600
GE,20040329,1600,30.5800,30.8400,30.4500,30.4800,59129400
GE,20040330,1600,30.4500,30.7000,30.3100,30.6900,48220800
GE,20040331,1600,30.6800,30.6800,30.4100,30.5200,49868200
GE,20040401,1600,30.4200,30.9700,30.3300,30.6200,47570600
GE,20040402,1600,30.9100,31.1500,30.8500,31.0600,54217300
GE,20040405,1600,30.9800,31.5800,30.9700,31.5800,54271400
GE,20040406,1600,31.4800,31.8300,31.3700,31.5200,47456000
GE,20040407,1600,31.6600,31.7000,31.2900,31.4000,30772700
GE,20040408,1600,31.7800,31.8500,31.1500,31.4100,38891700
GE,20040412,1600,31.5500,31.7400,31.4500,31.6200,17174300
GE,20040413,1600,31.6900,31.7400,30.8600,31.0000,32492800
GE,20040414,1600,30.6500,30.7000,30.1500,30.4800,36003500
GE,20040415,1600,30.7000,30.7800,30.3000,30.7600,24924600
GE,20040416,1600,30.8800,31.3400,30.7800,31.2300,25801000
GE,20040419,1600,31.1800,31.1900,30.4000,31.1000,18000200
GE,20040420,1600,31.1500,31.2000,30.3900,30.4700,20551200
GE,20040421,1600,30.5500,30.7500,30.0400,30.7000,30059800
GE,20040422,1600,30.5000,30.9400,30.2100,30.8500,35252800
GE,20040423,1600,31.0000,31.0000,30.5500,30.6900,19259300
GE,20040426,1600,30.8500,30.9200,30.6500,30.7500,16629500
GE,20040427,1600,30.9200,31.0400,30.5000,30.5500,26838200
GE,20040428,1600,30.3500,30.4000,30.0000,30.0200,27366000
GE,20040429,1600,30.1500,30.3600,29.9800,30.0500,23555200
GE,20040430,1600,30.1200,30.2800,29.8000,29.9500,23172800
GE,20040503,1600,30.1200,30.3700,30.0200,30.3000,17002200
GE,20040504,1600,30.4200,30.7100,30.2600,30.4400,17425600
GE,20040505,1600,29.6200,30.5500,29.6200,30.4900,17983100
GE,20040506,1600,30.3500,30.5500,30.1000,30.4700,16223200
GE,20040507,1600,30.3200,30.6500,29.9800,30.0000,19975200
GE,20040510,1600,29.7500,30.0500,29.5500,30.0300,28367500
GE,20040511,1600,30.1200,30.3100,29.9600,30.2500,19691700
GE,20040512,1600,30.0000,30.4000,29.7000,30.4000,25546300
GE,20040513,1600,30.1500,30.4800,30.1200,30.2410,13411300
GE,20040514,1600,30.3000,30.4500,29.9600,30.1600,18487300
GE,20040517,1600,29.7000,30.0600,29.6800,29.9700,19907900
GE,20040518,1600,30.0500,30.4700,29.9900,30.4300,21856400
GE,20040519,1600,30.7800,30.9000,30.1600,30.2500,24604800
GE,20040520,1600,30.2600,30.4500,30.1700,30.2300,14329400
GE,20040521,1600,30.3100,30.6900,30.3100,30.6500,21917300
GE,20040524,1600,30.9400,30.9500,30.5600,30.7800,19510800
GE,20040525,1600,30.7000,31.2600,30.6700,31.2100,23139300
GE,20040526,1600,31.1800,31.4400,31.1500,31.2900,18591000
GE,20040527,1600,31.3000,31.4700,31.0500,31.2600,16240500
GE,20040528,1600,31.2700,31.2700,30.9700,31.1200,17527800
GE,20040601,1600,31.0000,31.1800,30.8200,31.0400,19313900
GE,20040602,1600,31.1800,31.2200,30.9600,31.1000,17776200
GE,20040603,1600,31.1000,31.3200,30.9400,31.0000,15553000
GE,20040604,1600,31.2000,31.3600,31.0600,31.2300,17749200
GE,20040607,1600,31.4800,31.6900,31.4100,31.6800,21038100
GE,20040608,1600,31.5500,31.7000,31.2600,31.4700,19661200
GE,20040609,1600,31.4000,31.5800,31.1500,31.1800,18497000
GE,20040610,1600,31.1500,31.5000,31.1500,31.4900,15993700
GE,20040614,1600,31.3500,31.5800,30.5600,31.5700,15856000
GE,20040615,1600,31.6900,31.9400,31.5700,31.8100,23376400
GE,20040616,1600,31.7800,32.0400,31.7300,31.9500,10100400
GE,20040617,1600,32.0400,32.4400,31.9900,32.3600,31005900
GE,20040618,1600,32.3400,32.6900,32.2300,32.5800,60415400
GE,20040621,1600,32.5800,32.7900,32.4700,32.6000,22476100
GE,20040622,1600,32.5000,32.9700,32.5000,32.8500,24262000
GE,20040623,1600,32.8600,33.4900,32.7300,33.4200,34337700
GE,20040624,1600,33.2200,33.2800,33.0400,33.2700,34240800
GE,20040625,1600,33.2000,33.2800,32.1800,32.1800,90886496
GE,20040628,1600,32.8000,32.8300,32.1100,32.3100,36087200
GE,20040629,1600,32.3400,32.4700,32.3200,32.3300,20307200
GE,20040630,1600,32.4000,32.4900,32.0800,32.4000,27210400
GE,20040701,1600,32.4000,32.4500,31.8700,32.0100,31424200
GE,20040702,1600,31.9500,31.9600,31.6400,31.6700,20218200
GE,20040706,1600,31.6000,31.8900,31.5000,31.8300,17426200
GE,20040707,1600,31.7300,32.2000,31.7300,32.0200,22074900
GE,20040708,1600,31.8700,32.0000,31.6800,31.7000,21470000
GE,20040709,1600,32.0500,32.2500,31.9200,32.1700,25224300
GE,20040712,1600,32.2200,32.6500,32.0100,32.6000,19183700
GE,20040713,1600,32.7300,32.8900,32.6500,32.8400,22963700
GE,20040714,1600,32.8000,33.2400,32.7300,33.1300,32995000
GE,20040715,1600,33.1100,33.5300,33.0000,33.3700,31381100
GE,20040716,1600,33.6200,33.6200,33.0500,33.0900,25293700
GE,20040719,1600,33.3000,33.3600,32.9200,33.2300,20281800
GE,20040720,1600,33.1300,33.2500,32.9700,33.1900,16159300
GE,20040721,1600,33.3300,33.4500,32.6000,32.6000,21231000
GE,20040722,1600,32.5500,33.0500,32.4000,32.8800,18415100
GE,20040723,1600,32.8300,32.8300,32.1200,32.5200,14593300
GE,20040726,1600,32.6700,32.7500,32.0200,32.3100,20165900
GE,20040727,1600,32.5000,32.9000,32.4500,32.8000,17306500
GE,20040728,1600,33.3000,33.4600,32.3500,33.2900,22409500
GE,20040729,1600,33.3500,33.4500,32.9700,33.2100,16501500
GE,20040730,1600,33.0700,33.2500,32.8800,33.2500,14087900
GE,20040802,1600,32.6500,33.3500,32.6500,33.2600,13292600
GE,20040803,1600,33.2000,33.2000,32.8000,32.8700,15795500
GE,20040804,1600,32.6500,32.8500,32.6200,32.7100,7595900
GE,20040805,1600,32.8500,32.9400,32.1900,32.2200,19951300
GE,20040806,1600,31.8000,31.9600,31.4200,31.5200,24648200
GE,20040809,1600,31.5300,32.0500,31.4900,31.8500,16011600
GE,20040810,1600,31.9000,31.9900,31.8600,31.9600,1866000
GE,20040811,1600,31.9000,32.2400,31.7500,32.2000,13706400
GE,20040812,1600,31.9800,32.0300,31.6000,31.6100,14707900
GE,20040813,1600,31.7000,31.9400,31.5000,31.8900,16281700
GE,20040816,1600,31.8700,32.3000,31.8200,32.3000,14146600
GE,20040817,1600,32.3100,32.4500,32.0500,32.1400,14041800
GE,20040818,1600,32.1000,32.7800,32.0100,32.7800,17800500
GE,20040819,1600,32.6300,32.7400,32.3300,32.7100,13998500
GE,20040820,1600,32.6600,32.8000,32.4900,32.6500,16269200
GE,20040823,1600,32.6800,32.7400,32.4600,32.5100,13402200
GE,20040824,1600,32.7000,32.7500,32.4100,32.6300,15862300
GE,20040825,1600,32.5200,32.9900,32.4200,32.7900,15740300
GE,20040826,1600,32.7500,32.9000,32.6400,32.7900,9121000
GE,20040827,1600,32.7500,32.8600,32.6500,32.7700,7876200
GE,20040830,1600,32.6300,32.7500,32.5500,32.5700,9376200
GE,20040831,1600,32.4900,32.8100,32.3100,32.7900,16620800
GE,20040901,1600,32.7900,32.9700,32.6900,32.8700,5357500
GE,20040902,1600,32.9000,33.1600,32.7800,33.1200,15239500
GE,20040903,1600,33.0000,33.1200,32.7800,32.8400,11665800
GE,20040907,1600,33.0500,33.4900,33.0300,33.3400,18990800
GE,20040908,1600,33.3400,33.6700,33.3300,33.5800,17097700
GE,20040909,1600,33.6000,34.0300,33.5900,33.8600,26221800
GE,20040910,1600,33.8000,34.0100,33.5200,33.8800,16241400
GE,20040913,1600,33.8800,34.0500,33.7100,33.7500,17123000
GE,20040914,1600,33.6000,33.8200,33.5200,33.8200,13829300
GE,20040915,1600,33.8200,33.8200,33.3200,33.6400,4494700
GE,20040916,1600,33.5800,33.7600,33.5000,33.5300,9467500
GE,20040917,1600,33.7000,34.2400,33.7000,34.2200,29386500
GE,20040920,1600,34.0500,34.4700,34.0200,34.2100,19778800
GE,20040921,1600,34.2200,34.5300,34.0333,34.4600,15253000
GE,20040922,1600,33.9984,34.0481,33.5113,33.7300,20379800
GE,20040923,1600,33.7700,33.7700,33.4000,33.4200,15236500
GE,20040924,1600,33.5000,33.5200,33.2100,33.4100,13324000
GE,20040927,1600,33.1200,33.3100,33.0100,33.1200,16905700
GE,20040928,1600,33.2000,33.4000,33.0400,33.3100,10260400
GE,20040929,1600,33.4500,33.5800,33.2800,33.4500,14456500
GE,20040930,1600,33.4000,33.6100,33.3000,33.5800,21029700
GE,20041001,1600,33.7000,33.9900,33.6500,33.9700,15743600
GE,20041004,1600,34.0000,34.2600,33.8900,34.1200,15535400
GE,20041005,1600,34.0900,34.1200,33.8200,34.0500,12494100
GE,20041006,1600,34.0900,34.4000,33.9300,34.3800,14339400
GE,20041007,1600,34.1400,34.3800,33.9500,33.9500,13949100
GE,20041008,1600,33.9800,34.3000,33.5000,33.7400,18347800
GE,20041011,1600,33.8000,34.1000,33.7800,34.0000,8777300
GE,20041012,1600,33.8000,34.2000,33.7000,34.0200,12101400
GE,20041013,1600,34.2500,34.2800,33.5500,33.7100,15327300
GE,20041014,1600,33.7000,33.8000,33.4000,33.4600,12660400
GE,20041015,1600,33.5200,33.7800,33.4000,33.5500,15124500
GE,20041018,1600,33.4000,34.0300,33.2200,33.8900,15139200
GE,20041019,1600,33.8800,34.1000,33.6900,33.7800,6160300
GE,20041020,1600,33.4800,33.5400,33.0900,33.2200,8920900
GE,20041021,1600,33.1500,33.5000,33.0000,33.3700,16673000
GE,20041022,1600,33.3700,33.4500,32.7400,32.9500,16494100
GE,20041025,1600,33.1000,33.1000,32.6500,32.9000,14662900
GE,20041026,1600,33.1000,33.6500,32.9000,33.6300,20067900
GE,20041027,1600,33.5700,33.9500,33.3500,33.9500,16697800
GE,20041028,1600,33.8000,34.1300,33.7100,34.1300,8512700
GE,20041029,1600,33.9000,34.1500,33.8000,34.1200,18333700
GE,20041101,1600,34.1000,34.1400,33.8100,34.0500,12941300
GE,20041102,1600,33.9500,34.3800,33.9000,34.0500,16938900
GE,20041103,1600,34.4000,34.4500,34.0300,34.3300,18920400
GE,20041104,1600,34.3600,35.0900,34.3300,35.0900,25234300
GE,20041105,1600,35.2000,35.4000,34.7800,35.1900,20886800
GE,20041108,1600,35.0900,35.2200,34.9200,35.1200,13422200
GE,20041109,1600,35.0200,35.4400,35.0200,35.3600,9711400
GE,20041110,1600,34.3650,34.4812,34.1906,34.2100,17046000
GE,20041111,1600,34.3020,34.7475,34.2826,34.6700,14375300
GE,20041112,1600,34.8388,35.1100,34.7032,35.1100,18832400
GE,20041115,1600,35.1053,35.1246,34.8147,34.9600,14334400
GE,20041116,1600,34.9116,35.0956,34.7179,34.9600,13142000
GE,20041117,1600,35.1322,35.6358,34.9579,35.2000,18648200
GE,20041118,1600,35.2535,35.6991,35.2342,35.6700,15703100
GE,20041119,1600,35.6724,35.6724,34.8104,35.1300,21810500
GE,20041122,1600,35.1049,35.1243,34.8047,34.9500,15358700
GE,20041123,1600,34.8350,34.9027,34.3701,34.6800,21021100
GE,20041124,1600,34.7234,34.8687,34.4425,34.5200,16805700
GE,20041126,1600,34.4749,34.5040,34.3200,34.3200,7889900
GE,20041129,1600,34.4515,34.6065,34.0157,34.1900,21630500
GE,20041130,1600,34.1819,34.4821,34.1819,34.2400,23067400
GE,20041201,1600,34.2409,34.8800,34.2409,34.8800,21709800
GE,20041202,1600,34.7228,34.9553,34.6260,34.8100,15978300
GE,20041203,1600,34.7097,34.8937,34.5257,34.7000,15164900
GE,20041206,1600,34.5206,34.6368,34.4625,34.5400,11704500
GE,20041207,1600,34.4809,34.5293,34.1613,34.2000,18764000
GE,20041208,1600,34.5219,34.7640,34.4154,34.5800,16388600
GE,20041209,1600,34.4539,34.9478,34.3765,34.8800,15881900
GE,20041210,1600,35.0071,35.6462,34.8618,35.5300,32039000
GE,20041213,1600,35.6898,36.3387,35.6608,36.3000,28195500
GE,20041214,1600,36.2097,36.5583,36.0063,36.2000,26370400
GE,20041215,1600,36.2100,36.3262,35.8420,36.2100,20391100
GE,20041216,1600,36.1240,36.3080,35.8335,35.9400,23825700
GE,20041217,1600,35.2510,35.9193,35.1155,35.5900,34996400
GE,20041220,1600,35.7560,36.0272,35.7560,35.9400,17123800
GE,20041221,1600,35.9419,36.0678,35.8063,36.0000,16388000
GE,20041222,1600,35.8218,36.1823,35.7146,35.8900,17393600
GE,20041223,1600,35.8005,35.9953,35.7616,35.8200,10598200
GE,20041227,1600,35.9028,35.9905,35.6300,35.6300,9898700
GE,20041228,1600,35.5939,35.8959,35.5841,35.7400,12817700
GE,20041229,1600,35.6297,35.6590,35.4836,35.6200,11195100
GE,20041230,1600,35.6892,35.8841,35.6210,35.6600,10461800
GE,20041231,1600,35.7061,35.8133,35.4626,35.5600,13161700
GE,20050103,1600,35.7669,35.9423,35.5039,35.6500,22229100
GE,20050104,1600,35.6584,35.9020,35.1908,35.2200,18847600
GE,20050105,1600,35.2143,35.3994,35.0000,35.0000,18957100
GE,20050106,1600,35.1049,35.4849,35.0172,35.2900,19134500
GE,20050107,1600,35.4207,35.4304,34.9239,35.0700,15004000
GE,20050110,1600,34.9508,35.2040,34.8047,34.9800,16452500
GE,20050111,1600,34.6849,34.8115,34.4121,34.4900,18909500
GE,20050112,1600,34.5164,34.7795,34.1950,34.7600,22979500
GE,20050113,1600,34.6804,34.7194,34.1934,34.3200,14432800
GE,20050114,1600,34.4441,34.6974,34.3565,34.6000,14576900
GE,20050118,1600,34.3676,35.0495,34.1630,35.0300,20237800
GE,20050119,1600,34.9002,34.9782,34.5008,34.5300,12727900
GE,20050120,1600,34.5379,34.7815,34.3723,34.4600,17902900
GE,20050121,1600,34.8726,34.9019,34.2005,34.2200,28101200
GE,20050124,1600,34.3110,34.7786,34.0480,34.3500,22686400
GE,20050125,1600,34.7313,34.9554,34.6534,34.7800,21843600
GE,20050126,1600,35.0185,35.1744,34.5410,34.5800,22038000
GE,20050127,1600,34.6803,34.7777,34.4562,34.6900,18429400
GE,20050128,1600,34.6351,34.8495,34.5085,34.8300,17750700
GE,20050131,1600,35.0246,35.2487,34.9759,35.2000,17209600
GE,20050201,1600,35.0673,35.4374,34.9601,35.3400,18612200
GE,20050202,1600,35.2518,35.3492,35.0764,35.3200,13941500
GE,20050203,1600,35.2179,35.2179,35.0036,35.1400,13180900
GE,20050204,1600,35.0959,35.3979,35.0959,35.3200,17661500
GE,20050207,1600,35.1246,35.4267,35.1246,35.3000,13847800
GE,20050208,1600,35.3439,35.5874,35.2659,35.4900,17573200
GE,20050209,1600,35.3841,35.4230,34.9457,35.1600,19199600
GE,20050210,1600,35.2369,35.3051,35.0810,35.1200,12948300
GE,20050211,1600,35.0759,35.5338,35.0272,35.3000,16082100
GE,20050214,1600,35.2923,35.4579,35.2631,35.3800,10485300
GE,20050215,1600,35.3331,35.6643,35.3136,35.4500,15600300
GE,20050216,1600,35.3290,35.4069,35.1341,35.2900,13504500
GE,20050217,1600,35.1974,35.4604,35.0903,35.1000,16210200
GE,20050218,1600,35.1354,35.1354,34.7749,34.9600,22154500
GE,20050222,1600,34.6738,34.9856,34.4303,34.4400,21579300
GE,20050223,1600,34.2431,34.4574,34.2139,34.3600,19486700
GE,20050224,1600,34.4089,34.9088,34.3598,34.8500,16036000
GE,20050225,1600,34.8514,34.9984,34.7141,34.9200,14245300
GE,20050228,1600,34.7257,34.7845,34.4512,34.5100,18632100
GE,20050301,1600,34.5790,34.6967,34.4614,34.5300,16205500
GE,20050302,1600,34.3902,34.9882,34.3706,34.9000,17742100
GE,20050303,1600,35.0363,35.1245,34.7520,34.8500,17962800
GE,20050304,1600,35.1159,35.5178,35.0179,35.4100,20328400
GE,20050307,1600,35.4592,35.5671,35.3416,35.4200,12287100
GE,20050308,1600,35.3206,35.4970,35.3010,35.3500,12023100
GE,20050309,1600,35.1773,35.4028,35.0008,35.0400,15552300
GE,20050310,1600,35.1455,35.5180,35.0965,35.4200,15612000
GE,20050311,1600,35.3259,35.4337,35.0514,35.1200,13175700
GE,20050314,1600,35.0982,35.5100,35.0786,35.5100,17319100
GE,20050315,1600,35.5645,35.7605,35.2900,35.2900,17383800
GE,20050316,1600,35.1061,35.4100,34.7826,34.9100,17691300
GE,20050317,1600,34.9445,35.0033,34.5720,34.6700,14730400
GE,20050318,1600,34.7093,35.1700,34.5819,35.1700,42768400
GE,20050321,1600,35.0255,35.4078,34.7804,35.3000,17066200
GE,20050322,1600,35.2901,35.4764,34.7216,34.8000,18172900
GE,20050323,1600,34.8000,35.1137,34.6824,34.8000,22454500
GE,20050324,1600,35.1280,35.3928,35.0104,35.0300,17984800
GE,20050328,1600,35.1914,35.4757,35.1620,35.2600,14165300
GE,20050329,1600,35.1143,35.2613,34.7320,34.8300,18153600
GE,20050330,1600,34.9018,35.5096,34.8920,35.4900,19137900
GE,20050331,1600,35.3892,35.4382,35.2520,35.3500,17149200
GE,20050401,1600,35.4660,35.5052,34.7504,34.7700,20718800
GE,20050404,1600,34.8245,34.8343,34.3343,34.5500,20584500
GE,20050405,1600,34.5255,34.8000,34.4765,34.8000,15926500
GE,20050406,1600,34.8784,35.0255,34.7412,34.8000,13934200
GE,20050407,1600,34.8839,35.1486,34.8153,35.0800,14381100
GE,20050408,1600,35.0008,35.2557,34.9714,35.0400,17180300
GE,20050411,1600,35.0612,35.2377,35.0220,35.1200,11558000
GE,20050412,1600,34.9683,35.5859,34.7624,35.3800,19463700
GE,20050413,1600,35.3419,35.5086,34.8420,34.9400,20304400
GE,20050414,1600,35.0255,35.4666,34.7020,34.8000,25111400
GE,20050415,1600,35.1186,35.7755,35.0500,35.0500,41834600
GE,20050418,1600,35.0449,35.6625,35.0449,35.2900,27441600
GE,20050419,1600,35.5351,35.6037,35.1920,35.2900,20234200
GE,20050420,1600,35.1435,35.3003,34.6534,34.8200,23659100
GE,20050421,1600,35.0963,35.4198,34.9198,35.4100,19190600
GE,20050422,1600,35.2920,35.5959,34.9783,35.3900,19826000
GE,20050425,1600,35.6306,35.7482,35.4346,35.6600,16665900
GE,20050426,1600,35.6857,35.8818,35.4504,35.4700,17945700
GE,20050427,1600,35.3369,35.7682,35.2291,35.6800,17673400
GE,20050428,1600,35.3720,35.7249,34.9210,34.9700,21905700
GE,20050429,1600,35.1175,35.5096,34.9116,35.4900,23407900
GE,20050502,1600,35.3733,35.6282,35.3439,35.5400,13760300
GE,20050503,1600,35.3900,35.4390,35.0665,35.3900,26362200
GE,20050504,1600,35.4018,35.5586,35.1763,35.4900,18072900
GE,20050505,1600,35.4441,35.5226,35.0323,35.1500,14924500
GE,20050506,1600,35.1206,35.3461,35.1010,35.1500,17857700
GE,20050509,1600,35.1376,35.5200,35.1278,35.5200,14586300
GE,20050510,1600,35.3555,35.4830,35.0221,35.1300,18040900
GE,20050511,1600,35.1957,35.4996,34.9702,35.4800,15190700
GE,20050512,1600,35.4541,35.5913,35.1012,35.1600,16027900
GE,20050513,1600,35.1667,35.3627,34.8627,35.0000,18241000
GE,20050516,1600,35.1476,35.5398,35.0986,35.5300,15510300
GE,20050517,1600,35.3871,35.7498,35.3185,35.7400,14821200
GE,20050518,1600,35.7779,36.2680,35.7583,36.1700,23330600
GE,20050519,1600,36.1704,36.2390,35.9645,36.1900,13872800
GE,20050520,1600,36.2210,36.3386,36.1230,36.2700,16921500
GE,20050523,1600,36.1069,36.6069,36.1069,36.4500,15170300
GE,20050524,1600,36.2910,36.5165,36.2714,36.3400,13396300
GE,20050525,1600,36.2773,36.3655,36.0420,36.1400,12197000
GE,20050526,1600,36.2884,36.3668,36.1022,36.2100,10943400
GE,20050527,1600,36.1892,36.2480,36.1304,36.1500,8513400
GE,20050531,1600,36.1521,36.1815,35.7404,35.7600,20204200
GE,20050601,1600,35.7589,36.2784,35.7589,36.2000,14898200
GE,20050602,1600,36.1112,36.2386,36.0818,36.1700,19726200
GE,20050603,1600,36.0780,36.2349,35.9310,35.9800,11988700
GE,20050606,1600,35.9292,36.1057,35.8508,35.8900,11998000
GE,20050607,1600,36.0514,36.4043,36.0220,36.1200,17090900
GE,20050608,1600,36.2565,36.3251,36.0800,36.0800,12785400
GE,20050609,1600,36.0308,36.1190,35.8053,36.0700,11781300
GE,20050610,1600,36.0571,36.2237,35.6453,35.9100,13645700
GE,20050613,1600,35.8986,36.1339,35.8006,35.8300,14034500
GE,20050614,1600,35.7782,35.9645,35.6410,35.6900,14794400
GE,20050615,1600,35.7375,35.8747,35.4629,35.6100,17995200
GE,20050616,1600,35.5569,35.7235,35.3510,35.4000,16058800
GE,20050617,1600,35.7114,35.9270,35.3781,35.7800,35257600
GE,20050620,1600,35.6092,35.6975,35.5014,35.5700,16094400
GE,20050621,1600,35.6165,35.6851,35.4400,35.4400,21996400
GE,20050622,1600,35.4906,35.6278,34.9808,35.0200,29200400
GE,20050623,1600,35.0186,35.1468,34.0519,34.1900,48926900
GE,20050624,1600,34.2804,34.5961,33.6885,34.3100,67540496
GE,20050627,1600,34.2485,34.3866,34.1203,34.1400,23402900
GE,20050628,1600,34.3642,34.7193,34.2459,34.6700,28127300
GE,20050629,1600,34.6975,34.8948,34.5101,34.5200,21079600
GE,20050630,1600,34.5253,34.8310,34.0814,34.1800,33225600
GE,20050701,1600,34.3785,34.4673,34.1911,34.2700,20273000
GE,20050705,1600,34.1612,34.4276,34.0330,34.2500,26441600
GE,20050706,1600,34.0769,34.2149,33.8105,33.8500,21047000
GE,20050707,1600,33.7200,33.9370,33.4734,33.7200,30201400
GE,20050708,1600,33.9084,34.6382,33.8788,34.5100,30279500
GE,20050711,1600,34.7089,34.9456,34.5807,34.6300,19597800
GE,20050712,1600,34.5707,34.7581,34.4721,34.6200,17591900
GE,20050713,1600,34.6211,34.8184,34.5816,34.7000,18137600
GE,20050714,1600,34.9132,35.2980,34.7751,35.1500,28649600
GE,20050715,1600,34.8626,35.2473,34.4778,35.0500,45331400
GE,20050718,1600,34.8975,35.0060,34.6707,34.7200,17413200
GE,20050719,1600,34.8796,34.9684,34.6330,34.8500,22167000
GE,20050720,1600,34.8496,34.8890,34.5635,34.8200,18471700
GE,20050721,1600,34.6975,34.8751,34.5200,34.5200,16290900
GE,20050722,1600,34.7577,34.7577,34.3927,34.5900,15019400
GE,20050725,1600,34.7242,34.7242,34.2309,34.3000,18132200
GE,20050726,1600,34.3582,34.6344,34.2201,34.2300,16392100
GE,20050727,1600,34.2412,34.3497,34.1820,34.3300,16689500
GE,20050728,1600,34.4100,34.5777,34.3311,34.4100,16256500
GE,20050729,1600,34.3259,34.4443,34.0201,34.0300,19735300
GE,20050801,1600,34.0956,34.1449,33.7405,33.7800,19285400
GE,20050802,1600,33.7800,34.0857,33.7307,33.7800,19209400
GE,20050803,1600,33.7993,33.9276,33.6316,33.7500,17914200
GE,20050804,1600,33.6881,33.7572,33.5303,33.5500,18816200
GE,20050808,1600,33.3888,33.5071,33.2408,33.3000,14180700
GE,20050809,1600,33.5123,33.8181,33.4432,33.6800,17513500
GE,20050810,1600,33.8343,34.0119,33.4101,33.4200,20809100
GE,20050811,1600,33.5567,34.0400,33.4876,34.0400,21243000
GE,20050812,1600,33.8490,34.0857,33.7504,33.7800,17189500
GE,20050815,1600,33.6612,33.8092,33.5626,33.7500,13677400
GE,20050816,1600,33.6469,33.7357,33.4101,33.4200,16588800
GE,20050817,1600,33.4230,33.9162,33.4032,33.6400,16115900
GE,20050818,1600,33.5793,33.8161,33.4807,33.5300,13641400
GE,20050819,1600,33.6281,33.7958,33.4012,33.4900,13573300
GE,20050822,1600,33.6086,33.7763,33.3620,33.5100,13591500
GE,20050823,1600,33.5396,33.6185,33.3226,33.5100,15352800
GE,20050824,1600,33.4548,33.6323,33.0800,33.0800,19392300
GE,20050825,1600,33.0400,33.1584,32.9512,33.0400,16387700
GE,20050826,1600,33.0484,33.0977,32.8609,32.9300,17598900
GE,20050829,1600,32.7159,33.1597,32.6468,33.1400,18578600
GE,20050830,1600,33.0465,33.1057,32.4053,32.7900,26793900
GE,20050831,1600,32.7456,33.2190,32.5089,33.1500,27247300
GE,20050901,1600,32.9761,33.0747,32.5519,32.6900,26917100
GE,20050902,1600,32.9491,33.0082,32.7616,32.8800,20146700
GE,20050906,1600,32.9966,33.5195,32.9966,33.4800,27486700
GE,20050907,1600,33.4316,33.5895,33.2245,33.5500,21913600
GE,20050908,1600,33.5478,33.5478,33.2716,33.3900,17878700
GE,20050909,1600,33.4805,33.7666,33.4411,33.5200,19448000
GE,20050912,1600,33.5359,34.0586,33.5260,33.9600,24023300
GE,20050913,1600,33.8790,33.9678,33.5930,33.8100,21236400
GE,20050914,1600,33.8070,33.9550,33.5407,33.5900,16835500
GE,20050915,1600,33.6042,33.9297,33.6042,33.9100,18851100
GE,20050916,1600,34.0493,34.1085,33.7534,34.0000,40118500
GE,20050919,1600,33.8366,33.8662,33.4322,33.5900,23672500
GE,20050920,1600,33.6759,33.7548,33.2912,33.3800,19085700
GE,20050921,1600,33.0604,33.2774,33.0407,33.0900,22010500
GE,20050922,1600,33.0898,33.2983,32.9210,33.0600,21734200
GE,20050923,1600,33.0607,33.3387,33.0210,33.1600,15630000
GE,20050926,1600,33.3378,33.3775,32.8910,33.0300,19488300
GE,20050927,1600,33.2312,33.5986,32.9830,33.4000,21821400
GE,20050928,1600,33.4386,33.4585,33.0216,33.2500,16784300
GE,20050929,1600,33.0625,33.5093,32.8441,33.4100,22081300
GE,20050930,1600,33.4101,33.5293,33.1024,33.4300,21274500
GE,20051003,1600,33.3573,33.3871,32.9602,32.9900,24259900
GE,20051004,1600,33.0966,33.2158,32.6200,32.6200,27104900
GE,20051005,1600,32.6685,32.8670,32.4401,32.4500,23034000
GE,20051006,1600,32.9429,33.4989,32.9429,33.3500,33448000
GE,20051007,1600,33.6622,34.0594,33.4438,33.9800,28726600
GE,20051010,1600,33.9883,34.0479,33.7202,33.7500,17581100
GE,20051011,1600,33.7487,33.8380,33.4508,33.5600,18281100
GE,20051012,1600,33.3416,33.8082,33.3416,33.5600,18503900
GE,20051013,1600,33.5119,33.9687,33.5119,33.7800,20034000
GE,20051014,1600,34.1596,34.2390,33.8617,34.1000,27776200
GE,20051017,1600,33.9686,34.2565,33.7005,33.7700,23960100
GE,20051018,1600,33.7600,34.1770,33.7104,33.7600,19848600
GE,20051019,1600,33.6933,34.1700,33.6636,34.1700,23067100
GE,20051020,1600,34.2159,34.2159,33.5010,33.6400,20431100
GE,20051021,1600,33.7084,33.8276,33.4106,33.4900,22503600
GE,20051024,1600,33.5226,33.8999,33.5226,33.8900,16519000
GE,20051025,1600,33.7693,33.8884,33.3920,33.6700,18728000
GE,20051026,1600,33.7380,33.9564,33.4501,33.4600,21563400
GE,20051027,1600,33.3896,33.4492,33.1712,33.3400,17207200
GE,20051028,1600,33.4426,33.8497,33.2837,33.8100,21614500
GE,20051031,1600,33.7594,33.8984,33.6005,33.6700,26088500
GE,20051101,1600,33.7274,33.7373,33.3104,33.3600,20620100
GE,20051102,1600,33.3615,33.7289,33.2721,33.5700,22910700
GE,20051103,1600,33.6606,33.9088,33.5613,33.7400,17993200
GE,20051104,1600,33.7403,33.8594,33.5119,33.7800,16657800
GE,20051107,1600,33.8594,33.8892,33.7105,33.7800,14892600
GE,20051108,1600,33.6391,33.7086,33.4902,33.5200,14820300
GE,20051109,1600,33.6105,33.9084,33.4715,33.6800,17845500
GE,20051110,1600,33.7337,34.4983,33.6840,34.2600,29076500
GE,20051111,1600,34.3007,34.5291,34.1518,34.4000,13807300
GE,20051114,1600,34.4182,34.4182,34.0607,34.1600,14222300
GE,20051115,1600,34.1699,34.3785,34.0508,34.1600,14971200
GE,20051116,1600,34.1510,34.4688,34.1113,34.3000,16478700
GE,20051117,1600,34.3306,34.5192,34.1519,34.4100,16120400
GE,20051118,1600,35.2120,35.5497,35.0035,35.5000,59163600
GE,20051121,1600,35.5032,36.0790,35.3940,35.9400,33891600
GE,20051122,1600,35.7901,35.9688,35.6312,35.8000,25731800
GE,20051123,1600,35.7992,35.8886,35.6602,35.6900,17528500
GE,20051125,1600,35.7414,35.9599,35.6620,35.9400,9330700
GE,20051128,1600,35.9485,35.9485,35.6903,35.7300,18708100
GE,20051129,1600,35.8786,35.9779,35.6105,35.6800,23345500
GE,20051130,1600,35.6984,35.9069,35.4700,35.4700,24312400
GE,20051201,1600,35.5993,35.6490,35.3908,35.5000,21328400
GE,20051202,1600,35.4982,35.4982,35.0117,35.2500,25442600
GE,20051205,1600,35.1724,35.6094,35.1526,35.5200,24162400
GE,20051206,1600,35.6493,35.8479,35.4706,35.5500,26517800
GE,20051207,1600,35.5484,35.5980,35.1611,35.3200,28240900
GE,20051208,1600,35.3184,35.4078,35.0206,35.1000,21764300
GE,20051209,1600,35.1807,35.5481,35.0913,35.2800,17448100
GE,20051212,1600,35.4092,35.4787,35.2007,35.3000,13760900
GE,20051213,1600,35.2498,35.4285,35.1008,35.2200,25389300
GE,20051214,1600,35.4207,35.6392,35.3015,35.5200,21902600
GE,20051215,1600,35.6904,35.9089,35.5216,35.7500,34030300
GE,20051216,1600,35.7702,35.9986,35.7603,35.8000,34703300
GE,20051219,1600,35.7487,35.8580,35.4012,35.5700,21073000
GE,20051220,1600,35.4191,35.4886,35.1311,35.2900,21008900
GE,20051221,1600,35.4076,35.4076,35.0005,35.0700,22848200
GE,20051222,1600,35.1700,35.4600,35.1700,35.4200,17478700
GE,20051223,1600,35.5600,35.5700,35.3900,35.4200,10709400
GE,20051227,1600,35.5700,35.6000,35.0300,35.0600,17068100
GE,20051228,1600,35.0600,35.1600,34.9500,35.1100,16795500
GE,20051229,1600,35.1100,35.4500,35.1000,35.1900,16141500
GE,20051230,1600,35.1200,35.2200,34.9800,35.0500,18062700
GE,20060103,1600,35.1000,35.4000,34.8000,35.3700,33221200
GE,20060104,1600,35.3500,35.4000,35.1000,35.3200,24017100
GE,20060105,1600,35.2700,35.3500,35.1000,35.2300,18857700
GE,20060106,1600,35.3800,35.5300,35.1900,35.4700,22084000
GE,20060109,1600,35.4000,35.4300,35.2400,35.3800,20716000
GE,20060110,1600,35.2700,35.3100,35.0500,35.1900,21041600
GE,20060111,1600,35.1400,35.5500,35.1000,35.4300,22394400
GE,20060112,1600,35.4500,35.4600,34.9400,35.0000,22159000
GE,20060113,1600,34.9000,35.2500,34.8000,35.1000,17216600
GE,20060117,1600,35.6300,35.6300,34.8200,34.9400,16068800
GE,20060118,1600,34.9000,34.9100,34.6100,34.8200,20154300
GE,20060119,1600,34.9000,34.9000,34.5000,34.6800,29312200
GE,20060120,1600,34.3000,34.5000,33.2200,33.3700,88077400
GE,20060123,1600,33.5300,33.6700,33.2600,33.2900,38813000
GE,20060124,1600,33.5500,33.5500,32.9100,32.9600,46479200
GE,20060125,1600,33.1500,33.2000,32.6500,32.7600,51385700
GE,20060126,1600,32.9300,33.0700,32.7400,33.0200,48852100
