Ticker,Date,Time,Open,High,Low,Close,Vol
HD,20030303,1600,23.2865,23.5641,22.8008,22.8900,10208200
HD,20030304,1600,22.6932,22.7031,21.8604,21.9100,11893200
HD,20030305,1600,21.8113,22.2971,21.5733,21.9600,11008300
HD,20030306,1600,21.7811,22.2471,21.5729,21.9100,8971100
HD,20030307,1600,21.3880,22.3994,21.3285,22.3300,10939100
HD,20030310,1600,22.1563,22.4140,21.6507,21.7300,7610700
HD,20030311,1600,21.8586,22.0971,21.6200,21.6200,7190100
HD,20030312,1600,21.6225,22.0499,21.5330,22.0400,10365400
HD,20030313,1600,22.3639,23.0597,22.1353,23.0100,11208700
HD,20030314,1600,23.0687,23.3370,22.4624,22.8500,9413500
HD,20030317,1600,22.7857,23.8395,22.4577,23.7600,14499500
HD,20030318,1600,23.8099,23.9491,23.1936,23.8000,11698400
HD,20030319,1600,23.7341,24.5491,23.6546,24.4000,11782400
HD,20030320,1600,24.1637,24.8793,23.5673,24.7700,12848600
HD,20030321,1600,25.3516,25.6499,24.9440,25.6300,15717600
HD,20030324,1600,24.3593,25.3536,23.9616,24.2400,12019100
HD,20030325,1600,24.2045,25.0594,24.1747,24.9600,13468600
HD,20030326,1600,25.0016,25.5483,24.8525,25.2700,11527200
HD,20030327,1600,24.8702,25.1386,24.5522,24.9100,7644700
HD,20030328,1600,24.9074,24.9074,24.2713,24.4800,7364200
HD,20030331,1600,23.8621,24.6674,23.6930,24.2200,11630500
HD,20030401,1600,24.4611,24.6400,23.8349,24.6400,10403600
HD,20030402,1600,24.9545,25.9786,24.9545,25.7300,13033900
HD,20030403,1600,25.8999,26.1286,25.7010,25.8800,11812400
HD,20030404,1600,25.8923,26.4191,25.8625,26.2700,10454500
HD,20030407,1600,27.0844,27.3329,26.0706,26.1700,13721300
HD,20030408,1600,26.3396,26.5384,25.8227,26.2700,11268600
HD,20030409,1600,26.2760,26.4450,25.5006,25.6000,12678400
HD,20030410,1600,25.8492,26.0481,25.3323,25.7200,15850300
HD,20030411,1600,25.8594,26.3366,25.4816,25.7500,10657800
HD,20030414,1600,25.6942,26.4795,25.5948,26.3900,7930700
HD,20030415,1600,26.6421,27.0398,26.4532,27.0000,12137100
HD,20030416,1600,27.0566,27.2355,26.4304,26.4900,10259000
HD,20030417,1600,26.5042,27.3293,26.4445,27.2100,9513700
HD,20030421,1600,27.2106,27.4392,26.9422,27.3100,7764100
HD,20030422,1600,27.0625,27.5894,26.9233,27.4900,9557200
HD,20030423,1600,27.3919,27.8393,27.1036,27.7200,8650600
HD,20030424,1600,27.2613,27.6988,27.2613,27.4900,7917700
HD,20030425,1600,27.4890,27.6679,27.2404,27.3100,6889100
HD,20030428,1600,27.3325,27.8295,27.3325,27.7400,6979700
HD,20030429,1600,28.0303,28.5869,27.9508,28.0800,10936400
HD,20030430,1600,27.8805,28.0196,27.6121,27.9600,11720600
HD,20030501,1600,27.9365,27.9365,27.1909,27.3400,10986700
HD,20030502,1600,27.5855,28.3793,27.4664,28.2900,10056600
HD,20030505,1600,28.2833,29.0769,27.8666,28.6900,14546000
HD,20030506,1600,28.9325,29.4484,28.9325,29.2500,13626200
HD,20030507,1600,29.2707,29.6676,28.9433,29.3600,9649300
HD,20030508,1600,29.1191,29.5655,28.7817,29.0000,7776400
HD,20030509,1600,29.2220,29.5098,28.9243,29.4800,7550100
HD,20030512,1600,29.2744,29.8500,29.1950,29.8500,11137400
HD,20030513,1600,29.3231,30.0177,29.3231,29.7200,8392400
HD,20030514,1600,29.8165,29.9653,29.2112,29.3700,8791100
HD,20030515,1600,29.6262,29.6658,28.4256,29.1400,12929500
HD,20030516,1600,28.8608,28.9600,28.3945,28.9600,11254400
HD,20030519,1600,28.0286,28.8719,27.6317,27.8500,16506600
HD,20030520,1600,30.3109,31.1543,30.1621,30.4300,39383700
HD,20030521,1600,30.0129,30.6082,29.8145,30.3800,13235900
HD,20030522,1600,30.3817,30.7885,30.1932,30.6000,10599200
HD,20030523,1600,30.5183,30.5778,30.2603,30.3000,5588700
HD,20030527,1600,29.9199,31.3390,29.8901,31.2100,10011600
HD,20030528,1600,31.3413,31.9664,31.2520,31.5100,10287200
HD,20030529,1600,31.7340,32.3195,30.7615,32.2500,10262200
HD,20030530,1600,32.0515,32.2499,31.8034,32.2400,8428600
HD,20030602,1600,32.4992,32.8366,32.1419,32.3900,9925600
HD,20030603,1600,32.3805,32.6285,31.9041,32.4400,7732600
HD,20030604,1600,32.4385,32.5079,32.1209,32.2400,7596500
HD,20030605,1600,32.1929,32.6195,31.8457,32.5600,9686300
HD,20030606,1600,32.8083,33.1357,32.3917,32.6000,9614400
HD,20030609,1600,32.6076,32.7465,32.0023,32.3000,6521700
HD,20030610,1600,32.2706,32.4595,32.0121,32.3700,6170200
HD,20030611,1600,32.2626,32.6999,32.1235,32.6900,6152500
HD,20030612,1600,32.9984,33.0978,32.3523,32.7300,6578100
HD,20030613,1600,32.9524,33.4594,32.6940,33.3600,10376400
HD,20030616,1600,33.6040,34.5084,33.3754,34.2500,9995700
HD,20030617,1600,34.2002,34.4985,34.1306,34.2400,7510800
HD,20030618,1600,34.2240,34.2340,33.0411,33.2300,12015900
HD,20030619,1600,33.2965,33.6443,32.6703,32.7200,7886000
HD,20030620,1600,32.8269,32.8965,32.2602,32.3000,13732900
HD,20030623,1600,32.1674,32.4954,31.3920,31.7300,7418800
HD,20030624,1600,31.9107,32.2089,31.6522,32.0300,9835400
HD,20030625,1600,32.1606,32.9658,32.1208,32.2600,8650500
HD,20030626,1600,32.5087,33.1151,31.8028,32.2800,7609800
HD,20030627,1600,32.6578,32.7771,32.2502,32.2800,7092500
HD,20030630,1600,32.7013,33.8444,32.6516,32.9200,10783600
HD,20030701,1600,32.9199,33.0193,31.9955,32.9000,8807900
HD,20030702,1600,33.0014,33.3493,32.9617,33.2400,7589800
HD,20030703,1600,33.1503,33.3590,32.6533,33.2000,4153900
HD,20030707,1600,33.4507,33.7092,33.3911,33.5700,6669400
HD,20030708,1600,33.5449,34.4891,33.4455,34.3400,7614300
HD,20030709,1600,34.0156,34.2840,33.1310,33.2900,13723000
HD,20030710,1600,33.2938,33.2938,31.8125,32.2400,11537900
HD,20030711,1600,33.1986,33.2980,32.7613,32.9700,10669200
HD,20030714,1600,33.4981,33.7963,33.0508,33.1800,7455500
HD,20030715,1600,33.3477,34.3417,32.8805,32.9700,10319000
HD,20030716,1600,32.9521,33.4292,32.3954,33.3000,10460600
HD,20030717,1600,33.2976,33.9735,32.7111,32.9000,7127000
HD,20030718,1600,33.2975,33.3074,32.4625,32.8800,6285600
HD,20030721,1600,33.0038,33.0436,31.9600,31.9600,7447300
HD,20030722,1600,32.1266,32.1266,31.2122,31.5700,12416400
HD,20030723,1600,31.8405,32.1487,31.4926,31.9300,8026100
HD,20030724,1600,31.9659,32.2740,31.2701,31.2900,7095400
HD,20030725,1600,31.5118,31.8498,30.7265,31.8100,10019400
HD,20030728,1600,32.0073,32.1763,31.2618,31.5600,9533700
HD,20030729,1600,31.6683,31.9764,31.2707,31.3800,9160000
HD,20030730,1600,31.3883,31.4479,30.3745,31.1100,13376600
HD,20030731,1600,31.3579,31.6660,30.9901,31.0100,8446200
HD,20030801,1600,31.0674,31.0674,30.4709,30.6200,8249800
HD,20030804,1600,30.6209,30.9490,29.9249,30.7700,7036200
HD,20030805,1600,30.4679,30.7761,30.1001,30.1200,8585900
HD,20030806,1600,30.5138,31.2890,30.3050,31.1300,10176400
HD,20030807,1600,31.1139,31.8595,31.1040,31.7700,10281900
HD,20030808,1600,32.1124,32.5797,32.1124,32.5300,8409000
HD,20030811,1600,32.4702,32.8778,32.3310,32.5000,6665400
HD,20030812,1600,32.6219,32.9300,32.4032,32.9300,5552400
HD,20030813,1600,32.9303,33.1390,32.8011,32.9800,6164300
HD,20030814,1600,32.9198,33.0390,32.6315,32.8800,6313600
HD,20030815,1600,33.0517,33.3400,32.8132,33.3400,5241800
HD,20030818,1600,33.8392,34.0281,33.5211,33.7000,11878700
HD,20030819,1600,33.7097,33.7991,31.8308,31.9700,32574000
HD,20030820,1600,32.0519,32.4595,31.9127,32.3800,12612000
HD,20030821,1600,32.5402,32.6694,32.2618,32.5700,10810700
HD,20030822,1600,32.7491,32.8982,32.2124,32.6000,11956300
HD,20030825,1600,32.3596,32.9263,31.9321,32.2900,7901100
HD,20030826,1600,32.0102,32.2091,31.6424,32.0500,10068300
HD,20030827,1600,31.9618,32.4191,31.9519,32.2700,7076500
HD,20030828,1600,32.0402,32.6565,31.8513,32.0700,6342200
HD,20030829,1600,31.9104,32.0495,31.6817,31.9700,6875600
HD,20030902,1600,31.8112,32.2097,31.7813,32.1400,9068300
HD,20030903,1600,32.0224,32.7397,31.9825,32.6700,11368700
HD,20030904,1600,32.7253,34.1200,32.7253,34.1100,18824400
HD,20030905,1600,33.7097,33.9687,33.1419,33.6300,11734600
HD,20030908,1600,33.6200,33.6300,33.2215,33.6200,8739200
HD,20030909,1600,32.8669,32.8768,31.8208,32.0300,19824300
HD,20030910,1600,31.8791,32.2677,31.5803,31.6500,11832300
HD,20030911,1600,31.7297,32.1281,31.6201,31.6400,9628500
HD,20030912,1600,31.6493,31.6493,30.9918,31.4700,12207400
HD,20030915,1600,31.8729,32.7796,31.8330,32.6600,15480000
HD,20030916,1600,32.6819,33.1899,32.4130,33.1700,12875500
HD,20030917,1600,33.0095,33.1789,32.8103,32.8800,8335500
HD,20030918,1600,32.7711,33.1396,32.3826,33.0500,9354600
HD,20030919,1600,32.9102,33.1891,32.7110,32.9700,8032300
HD,20030922,1600,32.7396,32.8691,32.4407,32.6200,5602900
HD,20030923,1600,32.9796,33.0494,32.6907,32.8800,6493000
HD,20030924,1600,32.8778,32.8778,32.2601,32.2800,5628700
HD,20030925,1600,32.2591,32.7274,32.0101,32.0300,6490300
HD,20030926,1600,31.9795,32.3183,31.7803,31.8600,6719800
HD,20030929,1600,31.7610,32.0798,31.5717,32.0300,7399900
HD,20030930,1600,32.0289,32.1982,31.5308,31.7300,9819300
HD,20031001,1600,32.0028,32.8796,31.9431,32.7800,9912200
HD,20031002,1600,32.9407,33.3391,32.7714,33.1200,9057300
HD,20031003,1600,33.5598,33.7690,33.4004,33.5000,8669200
HD,20031006,1600,33.4915,34.0195,33.4019,33.8900,5318200
HD,20031007,1600,33.5231,34.3500,33.4235,34.3400,7272100
HD,20031008,1600,34.3397,34.3497,34.0109,34.2600,5623600
HD,20031009,1600,34.7808,35.3586,34.5417,34.9900,12209100
HD,20031010,1600,34.8896,35.1188,34.6605,34.7900,6918100
HD,20031013,1600,34.9715,35.3700,34.9715,35.3700,5948200
HD,20031014,1600,35.3694,35.3793,35.0605,35.2000,6939600
HD,20031015,1600,35.6918,36.2596,35.3332,36.1500,12786800
HD,20031016,1600,36.1501,36.4091,35.7915,36.1700,7833800
HD,20031017,1600,36.2790,36.4981,35.8805,36.0100,7276900
HD,20031020,1600,36.1393,36.2090,35.6612,35.9600,6973800
HD,20031021,1600,35.9702,36.3586,35.8108,36.0100,4898100
HD,20031022,1600,36.0097,36.1591,35.6610,35.9200,5297400
HD,20031023,1600,35.7100,36.0287,35.5605,35.7000,7017700
HD,20031024,1600,35.3704,35.6095,34.9818,35.4700,6866000
HD,20031027,1600,35.6010,35.9795,35.5412,35.8600,5430100
HD,20031028,1600,36.2442,37.3600,36.1446,37.3600,12889600
HD,20031029,1600,37.0800,37.6977,36.9107,37.0900,7415600
HD,20031030,1600,37.3783,37.3982,36.5016,36.9200,5883300
HD,20031031,1600,37.2588,37.3484,36.8603,36.9300,4915200
HD,20031103,1600,37.2903,37.7486,37.1608,37.3800,6959300
HD,20031104,1600,37.3093,37.4588,36.9706,37.1300,5221100
HD,20031105,1600,37.0098,37.0696,36.4220,36.9600,4584400
HD,20031106,1600,36.6620,37.2298,36.4527,37.1800,5826300
HD,20031107,1600,37.2499,37.5787,36.9212,37.2300,5057200
HD,20031110,1600,37.2288,37.3384,36.4817,36.9200,5932100
HD,20031111,1600,36.9195,37.0490,36.3716,36.7900,5175900
HD,20031112,1600,36.7602,36.8498,36.4912,36.8000,4472700
HD,20031113,1600,36.7976,36.7976,35.9608,36.1800,7777000
HD,20031114,1600,36.1795,36.5182,35.6117,36.0500,6387600
HD,20031117,1600,35.0909,35.7884,34.7023,35.3400,9816200
HD,20031118,1600,36.4639,36.6133,34.8200,34.8200,18409200
HD,20031119,1600,34.9414,35.6189,34.7721,35.3300,9175600
HD,20031120,1600,35.1999,35.8176,35.1401,35.1800,6770300
HD,20031121,1600,35.4204,35.6595,35.1713,35.5300,6219300
HD,20031124,1600,35.6626,36.4496,35.6526,36.3400,6957300
HD,20031125,1600,36.3405,36.6095,36.1612,36.4800,5727300
HD,20031126,1600,36.4797,36.6292,35.7924,36.4100,5825600
HD,20031128,1600,36.5802,36.7495,36.5204,36.6200,3237500
HD,20031201,1600,36.7396,36.8392,36.1319,36.6300,7125300
HD,20031202,1600,36.3290,36.5086,35.7800,35.8000,8624500
HD,20031203,1600,35.8792,36.1586,35.3402,35.4600,6877700
HD,20031204,1600,35.4287,35.6583,33.5026,34.7900,15138600
HD,20031205,1600,34.4604,35.1290,34.2009,34.6500,5612500
HD,20031208,1600,34.4104,35.0292,34.2408,34.6300,5338800
HD,20031209,1600,34.7886,34.8185,33.9600,33.9800,7784300
HD,20031210,1600,33.9982,34.0481,31.8721,33.0200,14876200
HD,20031211,1600,33.4418,34.6297,33.4218,34.4700,13795700
HD,20031212,1600,34.6798,34.7596,34.4303,34.5800,7409200
HD,20031215,1600,35.3781,35.4080,34.1203,34.2900,11036400
HD,20031216,1600,34.1403,34.4198,33.7410,34.3000,12630300
HD,20031217,1600,34.0321,35.1798,33.9622,35.0700,9428900
HD,20031218,1600,35.0704,35.4097,34.6312,35.2600,9953200
HD,20031219,1600,35.4100,35.4500,34.9809,35.4300,16135100
HD,20031222,1600,35.2091,35.3887,34.4307,34.7600,9432000
HD,20031223,1600,34.4801,34.9292,34.3304,34.5300,6813200
HD,20031224,1600,34.5801,34.7797,34.3406,34.6200,4408200
HD,20031226,1600,34.6204,35.0595,34.6204,34.8100,2436000
HD,20031229,1600,34.9311,35.5300,34.8014,35.5100,8173700
HD,20031230,1600,35.3897,35.5893,35.1102,35.2200,4995500
HD,20031231,1600,35.1106,35.4899,35.0907,35.4200,5012400
HD,20040102,1600,35.6785,35.8682,34.7404,34.9500,7177600
HD,20040105,1600,34.9999,35.1796,34.7404,34.9600,11405100
HD,20040106,1600,35.0206,35.4797,34.7711,35.3400,8845200
HD,20040107,1600,35.3709,36.0196,35.2911,35.8300,9236900
HD,20040108,1600,35.8194,35.9093,35.1008,35.5300,10918400
HD,20040109,1600,35.3306,35.9993,35.3206,35.6200,8280000
HD,20040112,1600,35.5591,35.7288,34.7607,35.1300,10170700
HD,20040113,1600,35.3693,35.3793,34.6807,35.0100,8871800
HD,20040114,1600,35.0108,35.5297,34.7513,35.4000,9344700
HD,20040115,1600,35.4598,35.5696,34.9109,35.3600,9006100
HD,20040116,1600,35.7283,35.7882,34.6804,34.8700,18627300
HD,20040120,1600,34.8901,35.0897,34.7304,34.9400,10340800
HD,20040121,1600,35.0810,35.6698,34.9412,35.5700,8554800
HD,20040122,1600,35.5706,36.0696,35.2312,35.8600,7968800
HD,20040123,1600,35.9797,36.1394,35.7003,35.8500,6773100
HD,20040126,1600,35.8208,36.2799,35.6910,36.2300,6377700
HD,20040127,1600,35.8500,36.3291,35.8500,35.8700,6164400
HD,20040128,1600,36.0474,36.0774,34.6303,34.7700,11054400
HD,20040129,1600,34.9811,35.5799,34.8314,35.5300,8789700
HD,20040130,1600,35.3800,35.7493,35.2503,35.4000,5811100
HD,20040202,1600,35.3996,35.7589,34.9805,35.2200,7547200
HD,20040203,1600,34.9800,35.4491,34.9501,34.9800,7144400
HD,20040204,1600,34.9808,35.7593,34.9409,35.3900,7859100
HD,20040205,1600,35.4300,35.7793,35.2703,35.4300,5996600
HD,20040206,1600,35.5314,36.3398,35.5114,36.2600,7356200
HD,20040209,1600,36.2597,36.6090,36.0401,36.1000,5684900
HD,20040210,1600,36.2295,36.2794,35.7604,35.9800,7258100
HD,20040211,1600,36.0314,36.9397,35.8717,36.7600,9489400
HD,20040212,1600,36.6996,36.7894,36.2904,36.5000,4933200
HD,20040213,1600,36.5292,36.7088,35.9104,36.1000,6144800
HD,20040217,1600,36.1901,36.4196,36.0503,36.2300,6118000
HD,20040218,1600,36.4787,36.4787,35.6304,35.8200,6156400
HD,20040219,1600,36.2285,36.2385,35.4601,35.4900,7672200
HD,20040220,1600,35.6799,35.8296,35.0911,35.6300,7681800
HD,20040223,1600,35.7192,35.8290,35.0904,35.3100,8243100
HD,20040224,1600,35.7204,36.0398,35.3910,35.9200,11990400
HD,20040225,1600,36.3300,36.4298,36.0406,36.3400,9190500
HD,20040226,1600,36.3508,36.9097,36.1312,36.7700,8174400
HD,20040227,1600,36.9287,37.0085,36.2001,36.2400,10312900
HD,20040301,1600,36.5105,36.8199,36.3308,36.7700,6856800
HD,20040302,1600,36.7005,37.2395,36.6905,36.9600,8727000
HD,20040303,1600,36.8403,37.1896,36.8303,36.9800,5706200
HD,20040304,1600,37.0799,37.1198,36.6607,37.0300,5845800
HD,20040305,1600,36.7811,37.4898,36.5915,37.3800,9249200
HD,20040308,1600,37.3796,37.5792,37.0302,37.1500,6794900
HD,20040309,1600,36.9500,37.1700,36.7000,36.9700,7330100
HD,20040310,1600,36.8300,37.0500,36.3000,36.4000,6455800
HD,20040311,1600,36.2100,36.7400,36.0000,36.0900,8674800
HD,20040312,1600,36.0500,36.9800,35.5600,36.0900,6765300
HD,20040315,1600,35.9500,36.0400,35.1200,35.4100,7237200
HD,20040316,1600,35.5800,36.1000,35.4100,35.8600,5786400
HD,20040317,1600,36.1900,36.5800,36.0000,36.5000,5748500
HD,20040318,1600,36.5000,37.1500,36.4000,36.9900,8353600
HD,20040319,1600,37.0000,37.1700,36.5400,36.6800,7530600
HD,20040322,1600,36.3000,36.3900,35.9300,36.0600,6640400
HD,20040323,1600,36.2000,36.4400,36.0300,36.2100,7240500
HD,20040324,1600,36.1500,36.3100,35.7800,35.9900,6452000
HD,20040325,1600,36.0500,37.2600,35.9100,37.1500,7944900
HD,20040326,1600,36.9600,37.2300,36.9000,36.9300,6852100
HD,20040329,1600,36.9300,37.3300,36.8600,37.3000,5376700
HD,20040330,1600,37.3000,37.5100,37.1600,37.4100,5044600
HD,20040331,1600,37.3200,37.4900,37.0200,37.3600,6272500
HD,20040401,1600,37.3000,37.3400,37.0000,37.0800,5471600
HD,20040402,1600,37.3000,37.3900,36.4500,36.6800,12430300
HD,20040405,1600,36.5300,37.2800,36.5200,37.2400,6466300
HD,20040406,1600,37.8400,37.8400,36.7500,36.9400,5716000
HD,20040407,1600,37.1200,37.2100,36.4200,36.4900,7767000
HD,20040408,1600,36.7500,36.8400,36.0600,36.2000,9025200
HD,20040412,1600,36.2600,36.4900,36.2000,36.4600,3910700
HD,20040413,1600,36.4600,36.5200,35.7200,35.8600,8008400
HD,20040414,1600,35.5000,36.0400,35.4500,35.8200,6885600
HD,20040415,1600,35.8300,36.1400,35.7700,35.8600,6164600
HD,20040416,1600,36.1500,36.2500,35.6000,36.2000,7030600
HD,20040419,1600,36.0500,36.1000,35.6200,36.0000,4980300
HD,20040420,1600,36.1500,36.5300,35.6500,35.6500,4915800
HD,20040421,1600,35.7100,35.9600,35.4000,35.5400,6626300
HD,20040422,1600,35.4700,36.5000,35.4000,36.3500,6015100
HD,20040423,1600,36.1000,36.7500,36.0700,36.4900,4680400
HD,20040426,1600,36.6000,36.8400,36.3100,36.3500,4549700
HD,20040427,1600,36.3700,36.8700,36.3600,36.5300,5152000
HD,20040428,1600,36.2800,36.4200,35.8300,35.9900,5011200
HD,20040429,1600,35.9000,36.1900,35.4000,35.7300,6266500
HD,20040430,1600,35.7300,35.8800,35.1900,35.1900,6377800
HD,20040503,1600,35.2500,35.5000,34.8000,35.2300,8375300
HD,20040504,1600,35.2200,35.7500,35.1000,35.3600,5134500
HD,20040505,1600,35.2300,35.4000,35.0300,35.2600,4653800
HD,20040506,1600,35.0000,35.0200,34.1500,34.3600,10877100
HD,20040507,1600,33.5000,34.2500,32.8800,33.0000,15928600
HD,20040510,1600,32.6000,33.4700,32.5500,33.4400,10169800
HD,20040511,1600,33.4500,33.5200,33.1200,33.4900,7538100
HD,20040512,1600,33.3500,33.7100,32.3400,33.5300,10550700
HD,20040513,1600,33.2500,34.0600,33.1200,33.8200,7209000
HD,20040514,1600,33.5800,34.1000,33.2000,33.8000,6948300
HD,20040517,1600,33.2500,33.7500,33.0700,33.4700,8121900
HD,20040518,1600,34.4500,34.7400,34.1500,34.6200,14104700
HD,20040519,1600,34.8500,34.9500,33.9600,34.0200,7603400
HD,20040520,1600,34.0200,34.3400,33.7700,34.1000,6761300
HD,20040521,1600,34.2500,34.8200,34.1200,34.4700,8684700
HD,20040524,1600,34.6000,34.7800,34.3500,34.6500,6276400
HD,20040525,1600,34.6600,35.3100,34.3100,35.3000,7517900
HD,20040526,1600,35.2500,35.5400,34.9400,35.4600,6813900
HD,20040527,1600,35.5000,36.0200,35.4200,35.8400,8433900
HD,20040528,1600,35.8400,36.3000,35.7700,35.9200,7014700
HD,20040601,1600,35.7700,35.9200,35.5100,35.7600,6297800
HD,20040602,1600,35.0000,35.7300,34.8500,35.6700,11179200
HD,20040603,1600,35.5000,35.9900,35.2200,35.4800,7192000
HD,20040604,1600,35.5700,35.7700,35.3000,35.3300,8056500
HD,20040607,1600,35.5800,35.9500,35.2600,35.8400,7311300
HD,20040608,1600,35.7500,35.9500,35.3000,35.9300,7613500
HD,20040609,1600,35.4800,35.7400,35.3200,35.4400,8780500
HD,20040610,1600,35.6400,35.8300,35.2800,35.7500,8186700
HD,20040614,1600,35.5000,35.6900,35.0800,35.5100,5682500
HD,20040615,1600,35.8000,35.9800,35.6600,35.7700,7589900
HD,20040616,1600,35.7800,35.9000,35.5000,35.5800,2052100
HD,20040617,1600,35.9500,35.9600,35.5000,35.6700,5880500
HD,20040618,1600,35.6800,35.6800,35.2000,35.3700,13853300
HD,20040621,1600,35.2500,35.9100,35.2500,35.7200,7814000
HD,20040622,1600,35.3500,35.4100,34.7700,35.0400,10313900
HD,20040623,1600,34.9000,35.5000,34.7500,35.4400,7715000
HD,20040624,1600,35.5000,36.1100,35.3500,35.4000,8889900
HD,20040625,1600,35.5500,36.1300,35.2500,35.2500,13575100
HD,20040628,1600,35.5000,35.7500,35.3500,35.4600,6627700
HD,20040629,1600,35.3300,35.3400,34.8800,35.1700,7898200
HD,20040630,1600,35.0700,35.2600,34.8500,35.2000,6445000
HD,20040701,1600,35.2100,35.3500,34.6400,34.9900,7660100
HD,20040702,1600,34.9900,35.1900,34.4900,34.6900,6150700
HD,20040706,1600,34.4000,34.9600,34.2000,34.6700,6639600
HD,20040707,1600,34.5500,35.1200,34.5500,35.0000,5049600
HD,20040708,1600,34.8000,34.9900,34.2400,34.2900,7180500
HD,20040709,1600,34.3000,34.5000,34.1300,34.3700,5737500
HD,20040712,1600,34.3700,34.8200,34.1600,34.6600,5761400
HD,20040713,1600,34.7000,34.9700,34.6000,34.8600,4952700
HD,20040714,1600,34.7700,34.9700,34.3600,34.5100,5486800
HD,20040715,1600,34.6600,34.6600,34.3100,34.3300,5370700
HD,20040716,1600,34.6400,34.6400,33.8600,33.9200,6820400
HD,20040719,1600,33.9500,34.0600,32.9400,33.2700,10107500
HD,20040720,1600,33.3500,34.1800,33.3500,33.9920,5638600
HD,20040721,1600,34.2200,34.2700,33.5300,33.5300,5192200
HD,20040722,1600,33.3500,33.8600,33.1500,33.8000,5672600
HD,20040723,1600,33.7000,33.7400,32.9100,33.0000,7399700
HD,20040726,1600,33.0500,33.2700,32.5700,32.8800,6551000
HD,20040727,1600,32.9800,33.8000,32.9500,33.4300,7403500
HD,20040728,1600,33.3900,33.6800,33.0400,33.5000,5647200
HD,20040729,1600,33.6500,34.0100,33.2700,33.7200,4196300
HD,20040730,1600,33.6000,33.8800,33.4000,33.7200,4397700
HD,20040802,1600,33.7200,34.2200,33.5599,34.0300,5040500
HD,20040803,1600,33.8700,33.9000,33.2200,33.5200,6156100
HD,20040804,1600,33.2700,33.5500,33.1100,33.4300,2902900
HD,20040805,1600,33.5900,33.6300,32.8000,32.9800,5542800
HD,20040806,1600,32.5500,33.2500,32.3900,32.9000,7797100
HD,20040809,1600,32.9000,33.2400,32.8700,32.9100,4149700
HD,20040810,1600,33.0000,33.1400,32.9100,33.0800,576200
HD,20040811,1600,33.1200,33.1400,32.7000,33.0900,5863900
HD,20040812,1600,33.1400,33.3800,32.8800,32.9500,5226300
HD,20040813,1600,33.1500,33.4700,32.9400,33.1400,6774800
HD,20040816,1600,33.4500,34.3400,33.4000,33.9800,9742200
HD,20040817,1600,35.7800,35.8500,35.0300,35.1000,14738900
HD,20040818,1600,35.0000,36.0900,35.0000,36.0300,12812900
HD,20040819,1600,36.0300,36.7900,36.0000,36.2400,9857400
HD,20040820,1600,36.2400,36.4900,36.0400,36.3600,5818000
HD,20040823,1600,36.2700,36.2800,35.6500,36.0000,5654200
HD,20040824,1600,36.1900,36.4000,36.0700,36.3300,7265700
HD,20040825,1600,36.2200,36.7700,36.0900,36.6000,5550000
HD,20040826,1600,36.5300,36.8700,36.4700,36.5700,3941200
HD,20040827,1600,36.5800,36.7900,36.3400,36.5900,3429100
HD,20040830,1600,36.5500,36.8000,36.4800,36.5300,3540300
HD,20040831,1600,36.6800,36.7500,36.1800,36.5600,5879400
HD,20040901,1600,36.5500,36.8300,36.3600,36.7700,2664300
HD,20040902,1600,36.9100,38.0000,36.9100,37.9300,10563100
HD,20040903,1600,37.7600,37.8800,37.3700,37.4800,6656000
HD,20040907,1600,37.7300,37.9900,37.5100,37.6400,6950800
HD,20040908,1600,37.5000,37.6400,37.2600,37.2600,4235700
HD,20040909,1600,37.2500,37.3500,36.6900,37.0100,5787000
HD,20040910,1600,37.0000,37.6900,36.9900,37.5400,5502800
HD,20040913,1600,37.7000,37.7900,37.3500,37.4300,5861900
HD,20040914,1600,37.6500,38.2000,37.5000,38.1400,6788100
HD,20040915,1600,38.1100,38.5500,37.9375,38.4600,3748500
HD,20040916,1600,38.4000,39.0900,38.4000,38.7000,7300700
HD,20040917,1600,38.9500,38.9500,38.2800,38.3100,11139500
HD,20040920,1600,38.3000,38.5900,38.0600,38.4600,4644200
HD,20040921,1600,38.7300,39.0900,38.5500,38.7900,5712700
HD,20040922,1600,38.5500,38.8100,38.1300,38.2500,6069800
HD,20040923,1600,38.2500,38.5200,38.1100,38.1600,3818000
HD,20040924,1600,38.1600,38.8100,38.1000,38.4300,5289200
HD,20040927,1600,38.4000,38.6600,38.2600,38.3100,4492300
HD,20040928,1600,38.2700,39.0000,37.8700,38.8300,7447000
HD,20040929,1600,38.7700,39.3900,38.7700,39.3800,5908200
HD,20040930,1600,39.2700,39.7300,39.0600,39.2000,9433100
HD,20041001,1600,39.5900,39.6500,39.2000,39.2500,6478400
HD,20041004,1600,39.2600,39.9000,39.2600,39.6400,7469800
HD,20041005,1600,39.5000,39.6800,39.2000,39.5300,5888800
HD,20041006,1600,39.6000,39.8000,39.3600,39.7100,4025000
HD,20041007,1600,39.7500,39.9500,39.2600,39.2900,5069600
HD,20041008,1600,39.1000,39.6000,38.7100,39.0200,6016000
HD,20041011,1600,39.3200,40.2100,39.3100,40.0700,8886700
HD,20041012,1600,39.7500,40.0000,39.1300,39.8500,5636500
HD,20041013,1600,40.0000,40.0300,39.5900,39.7900,5368700
HD,20041014,1600,39.7000,39.8700,39.1000,39.3100,3965200
HD,20041015,1600,39.5100,39.8800,39.1500,39.8100,7371900
HD,20041018,1600,39.8100,40.2700,39.6400,40.1800,7005500
HD,20041019,1600,40.2200,40.4600,39.9400,40.0300,2344200
HD,20041020,1600,39.7400,39.7900,39.3600,39.6900,2965600
HD,20041021,1600,39.4000,39.9300,39.4000,39.7300,4915100
HD,20041022,1600,39.7300,39.9400,39.1200,39.1700,4380200
HD,20041025,1600,38.9000,38.9000,38.3100,38.6700,6264900
HD,20041026,1600,38.6500,39.7200,38.5800,39.6700,6137600
HD,20041027,1600,39.5100,40.8500,39.5000,40.7900,8385400
HD,20041028,1600,40.5700,41.4300,40.5500,41.4300,4899500
HD,20041029,1600,41.0700,41.5000,40.8100,41.0800,8337000
HD,20041101,1600,41.0200,41.6800,40.9600,41.0800,7110900
HD,20041102,1600,40.8600,41.5600,40.8600,41.1400,5946600
HD,20041103,1600,41.8900,41.8900,40.8000,41.2100,7184400
HD,20041104,1600,41.2100,41.9900,41.0500,41.9400,6686900
HD,20041105,1600,41.9400,42.7000,41.9000,42.2900,7898600
HD,20041108,1600,42.2000,42.7600,42.1000,42.4500,5878100
HD,20041109,1600,42.3000,42.5500,41.8400,42.0200,3395900
HD,20041110,1600,41.6879,41.9448,41.5100,41.5100,5292700
HD,20041111,1600,41.8846,42.3688,41.6078,42.2700,5803900
HD,20041112,1600,42.3345,42.7396,42.2554,42.7100,6469000
HD,20041115,1600,42.6080,43.4676,42.3609,43.2700,9986300
HD,20041116,1600,43.7449,43.7746,42.1442,42.4900,16544900
HD,20041117,1600,42.3433,42.7879,41.6812,41.7800,11830900
HD,20041118,1600,41.7763,42.3790,41.5589,42.3000,9321300
HD,20041119,1600,42.4668,42.4767,42.1605,42.2000,8913000
HD,20041122,1600,42.2259,42.8979,42.0480,42.7200,6973200
HD,20041123,1600,42.7136,43.0595,42.4962,43.0200,6060100
HD,20041124,1600,42.9694,43.2857,42.8113,42.9200,4722400
HD,20041126,1600,42.7513,43.1762,42.7414,42.8600,2106000
HD,20041129,1600,42.7967,42.9647,42.0951,42.5200,7299300
HD,20041130,1600,42.0826,42.4787,41.3400,41.3400,9843800
HD,20041201,1600,41.5333,42.1471,41.4838,41.8600,8646500
HD,20041202,1600,41.8687,42.2648,41.0864,41.7400,8408100
HD,20041203,1600,41.4394,41.8553,41.2612,41.3800,6244100
HD,20041206,1600,41.1840,41.7682,41.1840,41.5900,5012800
HD,20041207,1600,41.3897,41.9541,41.3204,41.3600,6350400
HD,20041208,1600,41.5855,42.2885,41.5459,42.1400,5893900
HD,20041209,1600,42.1432,42.5690,41.7868,42.4700,5861300
HD,20041210,1600,42.5269,42.6062,42.1111,42.2200,4620400
HD,20041213,1600,42.3301,42.4489,41.8053,42.3400,4595500
HD,20041214,1600,42.2795,42.3785,41.9330,42.2300,5186000
HD,20041215,1600,42.3274,42.3274,41.9017,42.0700,4959200
HD,20041216,1600,42.0710,42.2294,41.6452,42.1700,7310000
HD,20041217,1600,42.0852,42.2338,41.5703,41.6000,8841600
HD,20041220,1600,42.1319,42.1319,41.3002,41.3200,5614900
HD,20041221,1600,41.2445,41.7495,41.1157,41.7000,5506300
HD,20041222,1600,41.7832,42.2287,41.6247,42.1000,5144700
HD,20041223,1600,42.1000,42.4168,42.0307,42.1000,3565700
HD,20041227,1600,42.0971,42.4436,41.7110,41.8100,4526800
HD,20041228,1600,41.9447,42.5784,41.9150,42.4200,4482100
HD,20041229,1600,42.1820,42.5285,42.1721,42.3800,4837100
HD,20041230,1600,42.5198,42.6683,42.3812,42.5000,3358100
HD,20041231,1600,42.4289,42.5477,42.2606,42.3200,3616200
HD,20050103,1600,42.5711,42.7988,42.5117,42.6800,7294600
HD,20050104,1600,42.8132,42.8429,42.1102,42.1300,6899600
HD,20050105,1600,42.0867,42.8294,41.7104,41.7500,6868300
HD,20050106,1600,41.7438,41.9121,40.7735,41.1200,8912200
HD,20050107,1600,41.2179,41.2476,40.6041,41.0100,7015500
HD,20050110,1600,40.8454,41.6375,40.8454,41.3900,6102200
HD,20050111,1600,41.1713,41.4287,41.1713,41.3000,4569700
HD,20050112,1600,41.2355,41.8295,40.8989,41.7800,6468700
HD,20050113,1600,41.6369,41.7854,40.9932,41.3200,8269600
HD,20050114,1600,41.3910,41.5890,41.3217,41.4900,4186200
HD,20050118,1600,41.1063,41.8292,41.0964,41.7500,7041700
HD,20050119,1600,41.5682,41.8059,41.3702,41.3900,4310700
HD,20050120,1600,41.4036,41.4036,40.4628,40.7500,6664100
HD,20050121,1600,40.7476,40.9852,40.4604,40.5000,6068200
HD,20050124,1600,40.6930,40.7029,39.9207,39.9900,6174100
HD,20050125,1600,40.0908,40.4769,40.0710,40.1700,5137100
HD,20050126,1600,40.4191,40.4191,40.1221,40.3300,5664000
HD,20050127,1600,40.1214,40.6561,40.1115,40.2600,5813200
HD,20050128,1600,40.3466,40.4159,39.8813,40.0100,5598400
HD,20050131,1600,40.1966,40.9292,40.1966,40.8500,6341200
HD,20050201,1600,40.7994,40.9083,40.5816,40.7400,5558000
HD,20050202,1600,40.6722,40.9395,40.6128,40.8900,3586000
HD,20050203,1600,40.7936,41.2095,40.7441,41.1600,4831700
HD,20050204,1600,41.0396,42.0099,41.0396,42.0000,7180200
HD,20050207,1600,41.8525,42.1000,41.8426,42.1000,5391700
HD,20050208,1600,41.8876,42.1846,41.6004,41.6400,5564200
HD,20050209,1600,41.7372,41.8659,41.3411,41.4500,4155100
HD,20050210,1600,41.5837,42.0292,41.2668,41.9500,4434300
HD,20050211,1600,41.8256,42.5682,41.5879,42.3900,6385200
HD,20050214,1600,42.3584,42.4772,42.1307,42.2000,3449000
HD,20050215,1600,41.9832,42.4288,41.9634,42.3100,5477900
HD,20050216,1600,42.1084,42.3064,41.7421,41.9500,5560500
HD,20050217,1600,41.8456,42.0337,41.1029,41.4000,6916600
HD,20050218,1600,41.4120,41.8180,41.3327,41.6100,5879400
HD,20050222,1600,40.9394,41.0384,39.7018,39.8800,14330000
HD,20050223,1600,40.0036,40.2017,39.2412,39.3600,12444500
HD,20050224,1600,39.2696,39.3884,38.4973,39.2300,15068200
HD,20050225,1600,39.3681,40.2097,39.2295,40.1800,9844600
HD,20050228,1600,39.8578,40.2539,39.6300,39.6300,8184700
HD,20050301,1600,39.6600,39.7887,39.4520,39.6600,9299200
HD,20050302,1600,39.4613,39.7980,39.3920,39.5900,7257100
HD,20050303,1600,39.5973,39.7558,39.3102,39.3300,6993800
HD,20050304,1600,39.5614,39.7594,39.3138,39.7000,5639700
HD,20050307,1600,39.6187,39.8762,39.4009,39.4900,6808200
HD,20050308,1600,39.6601,39.8488,39.5609,39.6800,5578000
HD,20050309,1600,39.5474,39.6070,39.1901,39.2000,7951000
HD,20050310,1600,39.1235,39.6000,39.1235,39.6000,5574900
HD,20050311,1600,39.5072,39.7057,39.0704,39.1300,5837300
HD,20050314,1600,39.3090,39.3785,38.4752,39.1800,8673000
HD,20050315,1600,39.3608,39.6983,39.2615,39.4700,7213700
HD,20050316,1600,39.1657,39.5428,38.3716,38.5900,9594200
HD,20050317,1600,38.5009,38.7193,38.2329,38.6200,6771300
HD,20050318,1600,38.6297,38.8084,38.4014,38.5900,11023500
HD,20050321,1600,38.3552,38.3850,37.2335,37.7100,11310900
HD,20050322,1600,37.7187,38.0959,37.5400,37.5400,7509000
HD,20050323,1600,37.2612,37.6880,37.1619,37.4200,13465500
HD,20050324,1600,37.4125,38.0478,37.3232,37.7500,7585400
HD,20050328,1600,38.0221,38.5085,37.9228,38.3100,6300500
HD,20050329,1600,38.1147,38.3629,37.3802,37.4100,8156400
HD,20050330,1600,37.5722,38.1380,37.5523,37.8700,6376800
HD,20050331,1600,37.9004,38.3571,37.8210,37.9600,6665400
HD,20050401,1600,38.1140,38.4614,36.6848,37.3200,12149300
HD,20050404,1600,37.2727,37.7690,37.0344,37.6300,7878700
HD,20050405,1600,37.4239,38.0691,37.1956,37.9500,7168400
HD,20050406,1600,37.8574,38.0261,37.4207,37.5100,5966400
HD,20050407,1600,37.3385,37.4278,36.9612,37.1300,9925200
HD,20050408,1600,37.2298,37.4978,37.0213,37.2000,8287200
HD,20050411,1600,37.2714,37.7081,37.0828,37.4600,6325500
HD,20050412,1600,37.5552,38.4586,37.3567,38.2700,7174900
HD,20050413,1600,38.1163,38.2751,37.4910,37.6200,6411800
HD,20050414,1600,37.4955,37.4955,36.8105,36.8800,9794500
HD,20050415,1600,36.2966,36.6737,35.4827,35.8400,12597700
HD,20050418,1600,35.8446,36.5593,35.7651,36.4600,8421300
HD,20050419,1600,36.4282,36.4679,35.9518,36.1900,6016300
HD,20050420,1600,35.7470,35.8264,35.0223,35.3400,11172100
HD,20050421,1600,35.6357,36.4000,35.6357,36.4000,8073600
HD,20050422,1600,36.4053,36.4053,35.4125,35.7600,7728700
HD,20050425,1600,35.7513,36.3171,35.7315,35.9300,6150500
HD,20050426,1600,35.7910,36.4957,35.7414,35.9300,5496000
HD,20050427,1600,35.7501,36.3260,35.6211,35.7700,7256500
HD,20050428,1600,35.4851,35.5943,34.6315,34.8300,11298200
HD,20050429,1600,34.9909,35.2291,34.3060,35.1100,10155600
HD,20050502,1600,35.4044,36.1290,35.2754,35.9900,8223300
HD,20050503,1600,35.4377,36.8175,35.4179,36.4800,9662900
HD,20050504,1600,36.5520,36.9293,36.3932,36.8300,7092700
HD,20050505,1600,36.7090,37.1558,36.3914,36.5800,5553100
HD,20050506,1600,36.8304,37.2077,36.7709,36.8900,7768300
HD,20050509,1600,36.7318,37.0693,36.7120,36.9800,5995300
HD,20050510,1600,36.4084,36.6168,35.9716,36.1900,7924800
HD,20050511,1600,36.1507,36.3691,35.5850,36.2500,7089800
HD,20050512,1600,36.1188,36.6746,35.9104,35.9600,6003300
HD,20050513,1600,36.1590,36.5758,35.8612,36.0200,7355400
HD,20050516,1600,36.1767,37.1000,36.1668,37.1000,10428200
HD,20050517,1600,38.6593,39.0663,38.3119,38.5700,17725400
HD,20050518,1600,38.8151,39.5894,38.6463,39.5100,12155700
HD,20050519,1600,39.5025,39.9492,39.4827,39.8400,7771100
HD,20050520,1600,39.8562,39.8562,38.9826,39.3400,7891900
HD,20050523,1600,39.6899,40.0472,39.6402,39.6700,7297200
HD,20050524,1600,39.5203,39.6891,39.3118,39.5600,6790300
HD,20050525,1600,39.3381,39.5664,38.8418,39.0800,5611200
HD,20050526,1600,39.2329,39.8186,39.1932,39.6300,5342200
HD,20050527,1600,39.5112,39.7495,39.4616,39.6800,4346800
HD,20050531,1600,39.5067,39.6556,39.0401,39.0600,7188900
HD,20050601,1600,38.9154,39.7592,38.8856,39.6500,6970600
HD,20050602,1600,39.6132,40.1889,39.5338,40.0400,5728000
HD,20050603,1600,40.0455,40.1745,39.3605,39.4300,4474500
HD,20050606,1600,39.4317,39.7295,39.4317,39.6600,3935000
HD,20050607,1600,39.8896,40.6062,39.7702,39.8100,8725200
HD,20050608,1600,39.8084,40.2264,39.4103,39.4800,7032700
HD,20050609,1600,39.3304,39.7583,39.2607,39.4100,6792400
HD,20050610,1600,39.3896,39.5289,38.4641,39.3100,5273800
HD,20050613,1600,39.0823,39.7690,39.0823,39.5700,4747200
HD,20050614,1600,39.4220,39.9992,39.4120,39.8400,5474500
HD,20050615,1600,40.1286,40.1883,39.3324,39.8400,6016400
HD,20050616,1600,39.7114,40.1493,39.6020,40.0000,5554700
HD,20050617,1600,40.3483,40.7264,39.5323,40.0000,11352600
HD,20050620,1600,39.8098,39.9192,39.4216,39.7600,4614300
HD,20050621,1600,39.6592,40.1269,39.3706,39.4900,4172600
HD,20050622,1600,39.7787,39.7986,39.3607,39.5100,4490500
HD,20050623,1600,39.5471,39.8257,38.9102,38.9500,8723600
HD,20050624,1600,38.8062,38.8659,37.9604,38.0500,13323400
HD,20050627,1600,38.1606,38.5885,38.1606,38.2800,5528000
HD,20050628,1600,38.5129,39.1399,38.3736,39.1200,4777700
HD,20050629,1600,39.0578,39.1772,38.5602,38.6100,4861100
HD,20050630,1600,39.7051,39.8146,38.6503,38.7100,7645900
HD,20050701,1600,38.9915,39.3000,38.8920,39.3000,8116900
HD,20050705,1600,39.3824,40.0194,39.2232,39.8900,8604100
HD,20050706,1600,39.8463,39.9358,38.8014,39.0800,6355500
HD,20050707,1600,38.8018,39.5482,38.4236,39.1700,6532900
HD,20050708,1600,39.3127,39.9796,39.2132,39.8900,6062100
HD,20050711,1600,39.6025,40.2791,39.5527,40.1000,5353900
HD,20050712,1600,40.3536,41.2990,40.3138,41.1000,12055000
HD,20050713,1600,41.0089,41.3771,40.7103,40.7800,7801200
HD,20050714,1600,40.7703,41.4470,40.7703,40.8400,6442000
HD,20050715,1600,40.8328,41.7981,40.8129,41.4100,7591100
HD,20050718,1600,41.2549,42.2898,41.2549,42.2400,8828000
HD,20050719,1600,42.2934,43.0398,42.2436,42.9900,10756300
HD,20050720,1600,43.0035,43.7699,42.8443,43.7400,10919500
HD,20050721,1600,43.4883,43.7172,42.8315,43.1400,9706500
HD,20050722,1600,43.0112,43.3496,42.5733,43.2600,5249800
HD,20050725,1600,43.1187,43.5466,42.7903,42.8500,5009400
HD,20050726,1600,42.8729,43.6890,42.8530,43.4800,7092300
HD,20050727,1600,43.5580,43.5580,42.8116,43.1400,5181800
HD,20050728,1600,43.0529,43.6899,43.0529,43.6600,5530400
HD,20050729,1600,43.5687,43.6881,43.0413,43.3000,5782400
HD,20050801,1600,42.9983,43.1774,42.1724,42.6500,7171500
HD,20050802,1600,42.5184,42.5881,42.0607,42.2000,7466400
HD,20050803,1600,41.8906,42.2290,41.7314,42.0200,6690600
HD,20050804,1600,41.2989,41.7965,40.9009,41.0800,9947700
HD,20050805,1600,41.0187,41.1580,40.5012,40.7500,6879800
HD,20050808,1600,40.8477,40.8875,40.1313,40.3900,6408200
HD,20050809,1600,40.7420,41.3292,40.6326,41.1600,6648600
HD,20050810,1600,41.4998,42.3159,41.3107,41.4600,8320600
HD,20050811,1600,41.4294,41.8573,40.8124,41.3000,6887100
HD,20050812,1600,41.0004,41.2392,40.5526,41.0800,5832900
HD,20050815,1600,41.7981,42.0569,40.9224,41.4100,8448800
HD,20050816,1600,41.1467,41.1467,40.3008,40.4700,11346500
HD,20050817,1600,40.3205,40.7782,40.1414,40.4200,8325900
HD,20050818,1600,40.1716,40.6990,39.9029,40.5000,8504100
HD,20050819,1600,40.5282,40.7869,40.1302,40.1700,7647700
HD,20050822,1600,40.2902,40.7479,39.9519,40.3300,7165800
HD,20050823,1600,40.5296,40.5296,40.0320,40.4400,6296000
HD,20050824,1600,40.2574,40.7052,39.7100,39.7100,7920500
HD,20050825,1600,39.6516,40.0596,39.5621,39.9800,7926500
HD,20050826,1600,39.8589,40.0081,39.3612,39.6200,6208700
HD,20050829,1600,39.6534,40.8276,39.6534,40.3400,11979500
HD,20050830,1600,40.2485,40.5477,39.0415,39.6500,13065400
HD,20050831,1600,40.0005,40.3996,39.4220,40.2200,11258800
HD,20050901,1600,40.5998,40.8891,40.0511,40.5100,11009100
HD,20050902,1600,40.7986,40.8086,40.0504,40.2300,7324800
HD,20050906,1600,40.6024,41.7197,40.6024,41.6100,10523000
HD,20050907,1600,41.7003,41.9397,41.4409,41.8300,10186400
HD,20050908,1600,41.6985,41.6985,40.9703,41.0800,8893900
HD,20050909,1600,41.0901,41.2996,40.9005,41.1200,6108400
HD,20050912,1600,41.1103,41.2599,40.7013,41.2300,5892400
HD,20050913,1600,40.7494,40.9788,40.4102,40.5000,9501200
HD,20050914,1600,40.6590,40.8984,40.1003,40.2400,6779200
HD,20050915,1600,40.4894,40.5093,39.8310,40.2400,6481600
HD,20050916,1600,40.6479,40.6479,39.7202,39.8000,14306000
HD,20050919,1600,39.8491,39.8590,39.0808,39.4400,7714700
HD,20050920,1600,39.4281,39.5678,38.4803,38.6200,8016100
HD,20050921,1600,38.3099,38.9584,37.9507,38.2600,11245900
HD,20050922,1600,38.3507,38.8296,37.9117,38.6600,15575600
HD,20050923,1600,38.7293,38.9189,38.0609,38.4400,13810300
HD,20050926,1600,38.7989,38.8787,38.0107,38.3200,10384600
HD,20050927,1600,38.4596,38.5195,38.0207,38.3000,8057800
HD,20050928,1600,38.2089,38.3586,37.4009,37.7600,13690600
HD,20050929,1600,37.6109,38.1496,37.0522,37.9700,9330700
HD,20050930,1600,37.9702,38.2695,37.6809,38.0500,7024700
HD,20051003,1600,38.0599,38.3393,37.9602,38.0300,7330200
HD,20051004,1600,38.1500,38.6588,38.0901,38.1500,8222300
HD,20051005,1600,38.1088,38.1586,37.5401,37.5900,7894900
HD,20051006,1600,37.7203,38.3587,37.3910,37.8300,11939900
HD,20051007,1600,38.0592,38.2986,37.5903,37.7100,6964300
HD,20051010,1600,38.0098,38.5286,37.8602,37.9300,8386100
HD,20051011,1600,37.9305,38.3096,37.9205,38.1400,8306200
HD,20051012,1600,38.1597,38.2894,37.4913,38.0300,8938900
HD,20051013,1600,37.7802,38.1094,37.6106,37.8600,7965600
HD,20051014,1600,38.8188,38.8188,37.8411,38.3200,7870500
HD,20051017,1600,38.4099,38.4598,37.9111,38.3700,5450900
HD,20051018,1600,38.2097,38.2496,37.8804,38.0700,7092000
HD,20051019,1600,37.9129,39.4094,37.4639,39.1700,23767700
HD,20051020,1600,39.6595,40.1483,39.4002,39.4700,14543400
HD,20051021,1600,39.6996,39.8991,39.4902,39.5500,10900900
HD,20051024,1600,39.9016,40.5600,39.5525,40.5600,10548300
HD,20051025,1600,40.4988,40.5587,39.7606,40.0200,11884800
HD,20051026,1600,39.8508,40.4892,39.7311,40.1600,13506600
HD,20051027,1600,39.9585,40.0782,39.1204,39.3000,8507500
HD,20051028,1600,39.6519,40.4799,39.5222,40.4200,9281600
HD,20051031,1600,40.5011,41.3690,40.4512,40.9400,12744700
HD,20051101,1600,40.9000,41.0795,40.6406,40.8800,11443400
HD,20051102,1600,40.7809,41.3595,40.7510,41.1600,11835600
HD,20051103,1600,41.2387,41.3384,40.2511,40.6900,14353300
HD,20051104,1600,40.8310,41.3398,40.4919,41.2600,6370400
HD,20051107,1600,41.2404,41.4698,41.0409,41.4000,7188600
HD,20051108,1600,41.0984,41.0984,40.3503,40.4700,9728500
HD,20051109,1600,40.5903,40.9793,40.5903,40.7100,10352300
HD,20051110,1600,40.8220,41.8395,40.7023,41.6400,8757400
HD,20051111,1600,41.1017,41.8998,41.1017,41.8100,7537600
HD,20051114,1600,42.3004,43.0985,42.2804,42.4700,12409700
HD,20051115,1600,43.1081,43.1679,42.0606,42.3000,14159500
HD,20051116,1600,42.2996,42.3794,41.4117,42.1300,10368300
HD,20051117,1600,42.3003,42.4898,41.9112,42.4100,6763500
HD,20051118,1600,43.0982,43.1182,42.1405,42.3400,7892300
HD,20051121,1600,42.0204,42.2997,41.7909,42.1800,6505200
HD,20051122,1600,41.9508,42.3299,41.8011,42.2800,7796100
HD,20051123,1600,42.2005,42.7192,42.1406,42.4000,6192400
HD,20051125,1600,42.4796,42.8986,42.2302,42.3200,2216100
HD,20051128,1600,42.3281,42.3381,41.5001,41.5500,11974800
HD,20051129,1600,41.7700,42.2700,41.6900,42.0000,7815300
HD,20051130,1600,42.0000,42.1800,41.7100,41.7800,7001300
HD,20051201,1600,41.8400,42.0500,41.0900,41.5400,7757900
HD,20051202,1600,41.3500,41.9000,41.3500,41.6700,5565900
HD,20051205,1600,41.4000,41.6000,41.0600,41.3900,6490400
HD,20051206,1600,41.5000,41.7500,41.2200,41.4100,6645000
HD,20051207,1600,41.3500,41.7300,41.2200,41.5200,5880400
HD,20051208,1600,41.4700,41.6500,41.0600,41.2200,6492600
HD,20051209,1600,41.3000,41.4100,40.9200,41.0200,5963000
HD,20051212,1600,41.1500,41.5200,41.1100,41.3200,4643300
HD,20051213,1600,41.1500,42.3200,41.0300,42.2700,9021100
HD,20051214,1600,42.2700,42.7900,42.2000,42.4800,7486500
HD,20051215,1600,42.4800,42.7900,42.0400,42.5800,5405500
HD,20051216,1600,42.7700,42.7800,42.4000,42.5000,8577900
HD,20051219,1600,42.3000,42.4500,41.6000,41.8200,5646100
HD,20051220,1600,41.8200,41.8200,41.2500,41.4500,5798200
HD,20051221,1600,41.7400,41.9700,41.4800,41.5500,4887100
HD,20051222,1600,41.5000,41.5600,41.2300,41.4300,4550300
HD,20051223,1600,41.4300,41.7600,41.1400,41.5900,3910000
HD,20051227,1600,41.7000,41.9600,41.0200,41.0200,4424300
HD,20051228,1600,41.2000,41.3500,40.9200,41.0900,4379100
HD,20051229,1600,41.1700,41.2000,40.6700,40.7400,4537800
HD,20051230,1600,40.6500,40.9700,40.4200,40.4800,5154000
HD,20060103,1600,40.3900,41.4500,39.7700,41.2400,8959200
HD,20060104,1600,40.9400,41.0400,40.2300,40.4800,9449800
HD,20060105,1600,40.1000,40.3600,39.8100,40.0800,9492400
HD,20060106,1600,40.2500,40.5100,40.0900,40.3800,9170200
HD,20060109,1600,40.8000,41.1000,40.2500,40.8200,8242300
HD,20060110,1600,41.0400,42.4900,41.0200,41.8000,15087800
HD,20060111,1600,42.0000,43.2000,41.9100,42.9500,12113400
HD,20060112,1600,42.7000,42.9500,42.4900,42.5500,8515200
HD,20060113,1600,41.9100,42.5900,41.4800,41.9100,8372500
HD,20060117,1600,41.5000,41.8800,41.3600,41.5700,6372700
HD,20060118,1600,41.5700,42.1100,41.3800,41.9000,7066400
HD,20060119,1600,41.3000,41.9900,41.1300,41.2800,12264400
HD,20060120,1600,41.1600,41.2700,40.1200,40.1700,15030200
HD,20060123,1600,40.4000,40.5800,39.6500,39.6900,9305100
HD,20060124,1600,39.9900,40.4500,39.7200,40.4500,10890900
HD,20060125,1600,40.4200,40.6600,39.7900,39.9800,8095800
HD,20060126,1600,40.1000,40.5600,40.0400,40.4000,7279800
