Ticker,Date,Time,Open,High,Low,Close,Vol
IBM,20030303,1600,78.3286,78.4279,76.5615,76.7700,6618300
IBM,20030304,1600,77.0334,77.1823,75.9712,76.1400,5672200
IBM,20030305,1600,76.1474,77.1700,75.7007,77.1700,6658000
IBM,20030306,1600,76.4405,77.2148,76.1427,76.5100,5876300
IBM,20030307,1600,75.1657,77.4294,75.1657,77.3400,8129200
IBM,20030310,1600,76.8873,76.8873,74.9515,75.1500,6641300
IBM,20030311,1600,75.2666,75.7728,74.6511,74.8000,8119200
IBM,20030312,1600,74.7095,75.0868,72.6444,74.6400,12773700
IBM,20030313,1600,75.4379,78.1083,74.7628,77.8800,10452500
IBM,20030314,1600,77.8840,78.9065,77.5464,78.4300,10117700
IBM,20030317,1600,77.4325,82.0685,77.2736,81.8600,15193000
IBM,20030318,1600,81.8601,82.8925,80.8971,81.8700,10795400
IBM,20030319,1600,81.4994,81.9064,80.4966,81.4100,10473100
IBM,20030320,1600,81.1136,81.8879,80.0514,81.6000,9046400
IBM,20030321,1600,82.1654,84.2900,82.1654,84.2900,12625400
IBM,20030324,1600,81.8585,82.7420,81.6301,81.6500,9352600
IBM,20030325,1600,81.4104,83.3960,81.1523,82.8500,8777100
IBM,20030326,1600,82.3995,82.6477,80.5927,80.9600,10531600
IBM,20030327,1600,80.1651,81.7336,79.9268,80.8600,7265800
IBM,20030328,1600,80.4585,81.3917,79.9126,80.2600,6649200
IBM,20030331,1600,78.6840,79.0314,77.7409,77.8600,10169200
IBM,20030401,1600,77.9317,78.9840,77.5544,78.1600,7861400
IBM,20030402,1600,79.3213,81.3763,79.3213,80.8700,9700100
IBM,20030403,1600,81.7270,82.8787,81.1214,81.3200,9623600
IBM,20030404,1600,81.7588,81.9574,79.4654,80.2100,8985000
IBM,20030407,1600,82.0046,82.3025,79.6716,79.8900,8881400
IBM,20030408,1600,80.0360,80.1154,77.9016,79.4900,8057600
IBM,20030409,1600,79.1228,80.1553,78.0606,78.1400,8543200
IBM,20030410,1600,78.5294,78.6783,77.5663,78.4400,6880100
IBM,20030411,1600,79.5202,80.7016,77.8822,78.1800,7573500
IBM,20030414,1600,77.9314,79.4900,77.5938,79.4900,9006000
IBM,20030415,1600,79.4897,82.2496,79.1323,82.1900,13613500
IBM,20030416,1600,82.7764,83.7890,82.1410,82.2800,10790700
IBM,20030417,1600,81.2972,83.7890,81.2972,83.6500,8802100
IBM,20030421,1600,83.7925,83.9017,82.5019,82.7600,6703400
IBM,20030422,1600,82.7564,85.4369,82.0019,85.0100,9542600
IBM,20030423,1600,84.6237,85.3484,84.3457,85.1300,7084500
IBM,20030424,1600,84.0340,85.0764,84.0141,84.5800,5943500
IBM,20030425,1600,84.5903,84.6598,83.2501,83.2700,6790700
IBM,20030428,1600,83.4378,84.8772,83.0109,84.5000,6363600
IBM,20030429,1600,84.7223,85.8640,84.3550,85.0400,8682900
IBM,20030430,1600,85.0445,85.0545,84.0716,84.2900,8444900
IBM,20030501,1600,84.6843,85.6075,83.8603,85.2700,7485700
IBM,20030502,1600,83.6689,86.7600,83.6689,86.7600,8381900
IBM,20030505,1600,86.3937,87.1863,85.7200,85.7200,7632500
IBM,20030506,1600,85.5012,87.5223,85.2040,86.7000,7459600
IBM,20030507,1600,86.3080,87.1617,85.8613,86.0400,6754600
IBM,20030508,1600,85.7276,86.1346,85.1122,85.4100,7188200
IBM,20030509,1600,86.2548,87.0489,85.7585,86.9000,6222600
IBM,20030512,1600,86.9008,88.5981,86.4541,88.3400,8445700
IBM,20030513,1600,88.1189,89.4291,87.9006,89.3100,8668300
IBM,20030514,1600,89.3303,89.7274,87.6430,88.0400,7752200
IBM,20030515,1600,88.8330,89.2896,88.3367,89.2300,7102900
IBM,20030516,1600,89.0050,89.2233,88.2903,88.3300,6831600
IBM,20030519,1600,87.3982,87.8150,85.7703,85.8100,7298400
IBM,20030520,1600,85.9340,86.5890,84.2566,85.1300,7331900
IBM,20030521,1600,85.1330,85.5400,84.4482,85.5400,6741000
IBM,20030522,1600,85.6087,86.1546,85.1621,85.4400,6277300
IBM,20030523,1600,85.1164,85.3149,84.4712,84.6300,5187200
IBM,20030527,1600,83.8836,87.2484,83.8836,87.0400,7163400
IBM,20030528,1600,86.9498,88.0416,86.7513,86.9200,6539900
IBM,20030529,1600,86.9184,87.9308,86.5512,86.7100,6898900
IBM,20030530,1600,86.8044,88.0253,86.8044,87.3900,6184200
IBM,20030602,1600,88.3376,88.4170,86.6006,86.6800,7697200
IBM,20030603,1600,83.6963,84.6095,82.6243,83.2000,21106600
IBM,20030604,1600,83.3719,84.3247,83.2031,83.6200,10734400
IBM,20030605,1600,83.3744,83.6225,81.1411,81.2900,15256300
IBM,20030606,1600,81.6335,82.6062,79.2416,79.4500,15160900
IBM,20030609,1600,79.4049,81.3900,79.2163,81.3900,9756300
IBM,20030610,1600,81.7352,82.3010,80.6037,81.1000,8896000
IBM,20030611,1600,82.1390,83.5287,81.6824,83.3500,9815800
IBM,20030612,1600,84.1737,84.3524,82.9330,83.3300,7072400
IBM,20030613,1600,83.5195,83.6585,81.8918,82.1300,5727500
IBM,20030616,1600,82.4804,83.9196,81.9345,83.8700,6492100
IBM,20030617,1600,84.3151,84.3151,83.1737,83.6700,5873700
IBM,20030618,1600,83.5241,84.3578,82.6010,84.0700,5941400
IBM,20030619,1600,84.3170,84.6545,83.8704,83.9200,7277100
IBM,20030620,1600,84.3694,84.6076,84.0617,84.2900,11900000
IBM,20030623,1600,84.1580,84.1580,82.3516,82.5600,6311600
IBM,20030624,1600,82.3350,83.5559,82.2358,83.0100,5062800
IBM,20030625,1600,82.9322,83.5377,81.4830,81.8800,5548000
IBM,20030626,1600,83.0749,83.7498,82.2014,83.7200,6374400
IBM,20030627,1600,83.5246,84.0209,82.6015,82.8000,4532900
IBM,20030630,1600,83.2796,83.5774,81.8900,81.8900,7950900
IBM,20030701,1600,80.7962,83.0395,80.7962,82.9700,5785800
IBM,20030702,1600,83.3259,84.2589,83.1274,84.1100,6009700
IBM,20030703,1600,83.6278,84.0645,82.8635,83.3300,3009500
IBM,20030707,1600,84.1696,85.8073,84.1100,85.4500,7614900
IBM,20030708,1600,85.4512,86.1063,84.5579,85.6100,5873900
IBM,20030709,1600,85.4553,85.7034,84.2146,84.8300,6709700
IBM,20030710,1600,84.3728,84.5912,82.8541,83.4100,7509200
IBM,20030711,1600,83.4759,84.6471,83.0788,84.2600,4534700
IBM,20030714,1600,85.3657,85.9414,84.7900,84.7900,6455200
IBM,20030715,1600,85.5121,86.3559,85.1846,85.8000,7910400
IBM,20030716,1600,86.3581,86.3879,85.2166,86.1000,8837600
IBM,20030717,1600,82.0847,83.3155,81.8862,82.7100,13515700
IBM,20030718,1600,83.2290,83.3978,82.5938,83.1000,8567200
IBM,20030721,1600,82.5848,82.8131,81.6021,81.8900,7036100
IBM,20030722,1600,81.8852,82.6395,80.9125,81.2400,8744300
IBM,20030723,1600,81.3922,82.1565,81.1242,81.6900,5326800
IBM,20030724,1600,82.3292,82.3689,80.9000,80.9000,5859100
IBM,20030725,1600,80.9945,83.1186,80.9647,82.9300,6204700
IBM,20030728,1600,83.0516,83.0814,81.4337,81.9300,6423500
IBM,20030729,1600,81.9344,82.2619,80.9915,81.1900,7282700
IBM,20030730,1600,81.8390,81.8390,79.9828,80.3600,6654600
IBM,20030731,1600,81.1959,81.9305,80.5011,80.6500,8050300
IBM,20030801,1600,80.5509,80.6700,79.4590,80.6700,6475400
IBM,20030804,1600,80.1528,80.7583,79.4679,80.5300,5888000
IBM,20030805,1600,80.5305,80.7291,79.2104,79.2600,7018100
IBM,20030806,1600,79.2703,80.2450,78.3055,79.3200,7472200
IBM,20030807,1600,79.2555,80.3793,78.9471,80.2500,5298500
IBM,20030808,1600,80.6091,80.8279,79.9129,80.4400,4613800
IBM,20030811,1600,80.4308,81.0574,79.8440,80.5800,4261200
IBM,20030812,1600,81.0103,81.0998,80.2146,81.0700,4634200
IBM,20030813,1600,81.2076,81.7446,80.1434,80.7600,5138400
IBM,20030814,1600,80.5630,81.3090,80.2547,81.1200,4562700
IBM,20030815,1600,81.3599,81.5390,80.7632,81.3500,3623600
IBM,20030818,1600,81.6079,83.2291,81.4587,83.0700,6847200
IBM,20030819,1600,82.6486,83.3548,82.1116,82.4000,6318300
IBM,20030820,1600,81.5557,82.8586,81.5557,82.6000,4829900
IBM,20030821,1600,82.9371,83.3946,82.4000,82.4000,5185200
IBM,20030822,1600,83.7931,84.2605,82.5101,82.5200,7434900
IBM,20030825,1600,82.3951,82.5741,81.3012,81.5100,5150900
IBM,20030826,1600,81.2046,82.0898,80.8267,82.0500,5569600
IBM,20030827,1600,81.5500,82.0771,81.4505,81.5500,3834100
IBM,20030828,1600,81.5495,81.8876,80.8235,81.4500,5516300
IBM,20030829,1600,81.5003,81.6595,81.1125,81.5600,4222700
IBM,20030902,1600,81.9484,85.4889,81.8490,85.2900,12406400
IBM,20030903,1600,85.7705,86.8247,85.5318,85.8600,10835700
IBM,20030904,1600,85.8586,87.8079,85.2221,87.4300,9889100
IBM,20030905,1600,86.5297,87.7829,86.2811,86.4800,7896600
IBM,20030908,1600,87.9735,89.1770,87.8740,88.6200,9213400
IBM,20030909,1600,88.7112,89.4770,88.4427,88.9300,8102500
IBM,20030910,1600,88.5037,88.5137,87.1313,87.3600,7322600
IBM,20030911,1600,86.2764,87.9373,85.9283,87.4400,9753500
IBM,20030912,1600,87.1260,88.5283,86.7281,88.2200,7209200
IBM,20030915,1600,89.2134,89.4720,87.9105,88.0100,7305400
IBM,20030916,1600,88.0098,89.9193,88.0098,89.8000,7896100
IBM,20030917,1600,89.9112,91.4429,89.7123,90.1400,9086600
IBM,20030918,1600,90.1374,91.9277,89.9684,91.5000,8338700
IBM,20030919,1600,91.9445,92.9590,91.2981,92.7700,9412500
IBM,20030922,1600,91.7353,91.7353,90.4027,90.8900,7302600
IBM,20030923,1600,90.9991,91.5859,90.0643,90.8400,7935200
IBM,20030924,1600,90.5808,91.3167,88.8404,88.9100,7575800
IBM,20030925,1600,88.9101,90.4715,88.7112,88.9200,6585500
IBM,20030926,1600,88.9281,89.6541,88.5203,88.5700,5095800
IBM,20030929,1600,88.7611,89.6860,88.5821,88.9600,5723200
IBM,20030930,1600,88.7153,88.7650,87.4223,87.8500,7056700
IBM,20031001,1600,88.2687,90.1086,88.2189,89.8600,7925200
IBM,20031002,1600,89.0629,89.9580,88.7347,89.5900,7428300
IBM,20031003,1600,90.5081,91.4529,90.0804,90.1500,7479300
IBM,20031006,1600,90.2424,91.2568,90.0137,90.6800,3845400
IBM,20031007,1600,90.0065,91.2000,89.9071,91.2000,5369800
IBM,20031008,1600,91.5036,92.3689,91.4538,92.1600,6418900
IBM,20031009,1600,92.7954,93.0938,91.7014,91.9500,7593000
IBM,20031010,1600,91.9015,92.6772,91.8617,92.1700,4500500
IBM,20031013,1600,92.5905,93.0281,92.0734,92.6900,4839200
IBM,20031014,1600,92.1504,92.4488,91.8222,92.2200,4699500
IBM,20031015,1600,93.3937,94.0303,92.2400,92.2400,11558700
IBM,20031016,1600,88.7801,89.2077,88.1734,88.7900,16994000
IBM,20031017,1600,88.7897,89.1875,88.3223,88.7400,9506200
IBM,20031020,1600,88.8681,88.9178,88.3808,88.5200,6971300
IBM,20031021,1600,88.7683,88.8578,88.2212,88.4500,5287100
IBM,20031022,1600,87.8209,88.5270,87.4230,87.9800,5600100
IBM,20031023,1600,87.1230,87.9186,87.0534,87.6700,6046400
IBM,20031024,1600,87.6715,88.1588,87.2438,87.9400,5471700
IBM,20031027,1600,88.3185,88.6169,87.5725,88.0400,5099200
IBM,20031028,1600,88.5646,89.4100,88.0375,89.4100,6959000
IBM,20031029,1600,89.1086,89.4467,88.6610,88.8500,5180700
IBM,20031030,1600,89.5153,89.6843,88.5803,88.6400,6535700
IBM,20031031,1600,90.2133,90.2133,88.7115,88.9900,4836200
IBM,20031103,1600,89.4088,90.3437,88.9911,89.1900,5825200
IBM,20031104,1600,89.1971,89.3164,88.3815,88.6600,5146100
IBM,20031105,1600,88.0398,88.3979,87.5227,88.0100,6296300
IBM,20031106,1600,88.0037,89.2591,87.3960,89.0100,5668600
IBM,20031107,1600,89.0759,89.2751,87.9400,87.9400,5543500
IBM,20031110,1600,89.2215,90.1381,89.2215,89.6200,8349700
IBM,20031111,1600,89.6676,89.6975,88.5617,89.0300,4841200
IBM,20031112,1600,89.1245,90.8283,88.9850,90.3600,5901700
IBM,20031113,1600,90.0725,91.1486,89.8334,90.7600,5277900
IBM,20031114,1600,90.6872,91.0857,89.4816,89.9200,4510200
IBM,20031117,1600,89.5696,89.7191,88.7028,89.4700,4748200
IBM,20031118,1600,89.5965,89.8556,88.5802,88.6300,5284300
IBM,20031119,1600,87.9940,89.4984,87.9940,89.0700,4156600
IBM,20031120,1600,88.9767,89.4649,88.0600,88.0700,5111000
IBM,20031121,1600,88.0808,88.5292,87.9114,88.3100,5935400
IBM,20031124,1600,88.7023,89.4097,88.6226,89.3300,4722200
IBM,20031125,1600,89.3292,89.5185,88.9406,89.1000,4305700
IBM,20031126,1600,89.4604,89.7593,88.7829,89.5800,4146800
IBM,20031128,1600,89.5723,90.3495,89.2934,90.2100,2195500
IBM,20031201,1600,90.5704,91.0287,90.1519,90.6800,5234900
IBM,20031202,1600,90.2407,91.1473,90.1908,90.4200,5091800
IBM,20031203,1600,90.8169,91.1058,89.9700,89.9700,6169800
IBM,20031204,1600,89.7249,91.1099,89.7050,91.0900,5360400
IBM,20031205,1600,90.9676,90.9676,90.1705,90.3100,5878400
IBM,20031208,1600,90.1925,91.1390,90.1925,90.8700,5342000
IBM,20031209,1600,90.8181,91.8244,90.2801,90.3000,6971500
IBM,20031210,1600,90.3637,92.4064,90.3239,91.4000,7138000
IBM,20031211,1600,91.6216,92.6279,91.5818,92.0600,6412100
IBM,20031212,1600,92.3600,92.8183,91.9017,92.3700,5079800
IBM,20031215,1600,93.0851,93.6231,91.7401,91.7700,5964500
IBM,20031216,1600,91.7768,93.7795,91.5476,93.6400,7501100
IBM,20031217,1600,93.5084,93.5283,92.5120,93.0600,6052900
IBM,20031218,1600,92.6590,93.0376,92.1608,92.3900,6873600
IBM,20031219,1600,92.8897,92.9096,92.3317,92.8000,7090500
IBM,20031222,1600,92.4920,93.1596,92.4422,93.0500,4332100
IBM,20031223,1600,92.7290,93.0976,92.0016,92.4500,3677000
IBM,20031224,1600,92.4580,92.4580,91.8403,91.9300,1760500
IBM,20031226,1600,92.0319,92.6596,91.9622,92.5600,1408500
IBM,20031229,1600,92.7615,93.3892,92.6918,93.1800,4033900
IBM,20031230,1600,92.9277,93.1568,92.0210,92.2900,4003400
IBM,20031231,1600,92.3201,92.5094,91.8219,92.3400,4726900
IBM,20040102,1600,92.5253,92.7146,90.8713,91.2200,5327800
IBM,20040105,1600,91.6638,92.7499,91.6638,92.7100,5276300
IBM,20040106,1600,91.8631,92.8495,91.8034,92.7200,4380000
IBM,20040107,1600,92.7987,93.0378,92.1311,92.4400,4927600
IBM,20040108,1600,92.8694,92.8694,91.6937,92.7000,6179800
IBM,20040109,1600,91.4180,92.0159,90.6708,90.8800,7930900
IBM,20040112,1600,90.8812,91.8079,90.8812,91.2200,5130400
IBM,20040113,1600,91.1136,91.1733,88.6825,89.3700,8842500
IBM,20040114,1600,89.5715,90.1295,89.4220,89.9800,5505100
IBM,20040115,1600,94.7262,95.3041,93.2117,93.6800,19812000
IBM,20040116,1600,94.6512,94.9999,94.3622,94.9700,9302000
IBM,20040120,1600,95.6540,97.0888,95.3849,96.7500,9285100
IBM,20040121,1600,96.8717,97.6787,96.2839,97.3400,6949000
IBM,20040122,1600,97.4888,97.8077,96.9707,97.1600,4371600
IBM,20040123,1600,97.4603,97.8489,96.7429,97.5400,5283900
IBM,20040126,1600,97.5470,99.4900,97.2083,99.4900,6189400
IBM,20040127,1600,99.0378,99.3068,98.3404,98.4400,5345300
IBM,20040128,1600,98.7936,99.0627,96.9304,97.0300,6549700
IBM,20040129,1600,97.7397,98.2378,96.1954,97.6500,6642500
IBM,20040130,1600,97.6644,98.9696,97.4850,98.8700,6137600
IBM,20040202,1600,98.7909,99.5780,98.1432,99.0300,6200000
IBM,20040203,1600,98.6436,99.6400,98.5938,99.6400,5604300
IBM,20040204,1600,99.0229,100.0691,98.9432,99.8300,8387500
IBM,20040205,1600,99.6358,99.7255,97.9022,98.5000,5975000
IBM,20040206,1600,98.6502,99.0394,98.0514,98.7400,5516900
IBM,20040209,1600,99.1093,99.2390,98.4007,98.7500,3742400
IBM,20040210,1600,98.2523,99.7693,98.2124,99.4100,4057500
IBM,20040211,1600,99.0015,100.1093,98.6023,99.7600,5505700
IBM,20040212,1600,99.8585,100.0980,99.1000,99.1000,3611500
IBM,20040213,1600,98.9012,99.8892,98.8813,99.5100,3562400
IBM,20040217,1600,99.7888,99.7987,99.1201,99.1700,3930400
IBM,20040218,1600,99.1082,99.5673,97.9505,98.2200,4830300
IBM,20040219,1600,98.2187,99.0271,97.3206,97.6000,5447200
IBM,20040220,1600,98.3973,98.3973,96.9902,97.1100,5690200
IBM,20040223,1600,97.2071,97.3169,95.2710,95.7700,6629100
IBM,20040224,1600,95.0033,97.2586,95.0033,96.5900,7008300
IBM,20040225,1600,96.3001,96.8889,96.0306,96.3400,3362500
IBM,20040226,1600,96.0711,97.0590,96.0511,96.5900,3965700
IBM,20040227,1600,96.5994,97.1782,95.9008,96.3000,4715000
IBM,20040301,1600,96.3011,97.0496,95.9518,96.8400,4454000
IBM,20040302,1600,97.3984,97.3984,96.4204,96.6200,4976200
IBM,20040303,1600,96.3706,96.6899,95.4026,96.6400,4806500
IBM,20040304,1600,96.3796,96.7189,95.9305,96.1900,3547900
IBM,20040305,1600,95.7510,96.7789,95.3618,96.2500,3970900
IBM,20040308,1600,96.2962,96.6854,94.4000,94.4000,5084200
IBM,20040309,1600,94.1105,95.0885,93.5815,94.3400,6390600
IBM,20040310,1600,94.1873,94.5466,92.4908,92.8700,6536300
IBM,20040311,1600,91.8184,92.7965,90.9701,91.0300,8560800
IBM,20040312,1600,91.8126,93.1898,91.4933,93.1100,6290600
IBM,20040315,1600,92.4084,92.4982,90.6919,91.6300,6523000
IBM,20040316,1600,92.2101,92.5095,91.2321,92.2600,4627600
IBM,20040317,1600,92.3817,93.5992,92.2619,93.2000,4663000
IBM,20040318,1600,92.8596,92.9893,91.7119,92.6600,4605200
IBM,20040319,1600,92.6674,92.7772,91.3202,91.4300,7058700
IBM,20040322,1600,91.0895,91.2991,90.1015,90.8400,6223500
IBM,20040323,1600,91.4194,91.9783,90.5013,91.1400,5065300
IBM,20040324,1600,91.3804,92.2985,90.8515,91.5800,6210400
IBM,20040325,1600,91.9605,92.4395,91.2619,92.2000,5585800
IBM,20040326,1600,92.2008,93.0590,91.9712,92.5800,4397700
IBM,20040329,1600,92.7994,93.4181,91.9910,92.4900,4876300
IBM,20040330,1600,92.4793,92.4793,91.1620,92.1300,5415700
IBM,20040331,1600,91.8795,92.0492,91.3207,91.6500,4613500
IBM,20040401,1600,91.4814,92.4894,91.4315,92.1800,4246900
IBM,20040402,1600,93.3613,94.3593,93.1418,94.0100,5894500
IBM,20040405,1600,93.7605,94.1796,93.3214,93.9900,3936000
IBM,20040406,1600,93.4102,93.5998,92.8314,93.5100,3860100
IBM,20040407,1600,93.1794,93.3890,92.3212,92.8900,4537300
IBM,20040408,1600,93.8082,94.1974,92.3612,92.9300,3868000
IBM,20040412,1600,93.3105,94.1687,93.2107,93.5500,3112600
IBM,20040413,1600,93.5985,93.8480,92.3111,92.8500,5013600
IBM,20040414,1600,91.9132,93.6697,91.9132,93.5100,5316300
IBM,20040415,1600,93.6093,93.8987,92.8708,93.2600,6844200
IBM,20040416,1600,92.1100,92.1599,90.8526,92.0900,11118000
IBM,20040419,1600,91.7101,92.1093,91.5105,91.7500,4159400
IBM,20040420,1600,91.8173,92.2964,90.4700,90.4700,4260200
IBM,20040421,1600,90.9702,91.2397,90.5111,91.0800,4623400
IBM,20040422,1600,90.3205,91.3285,89.5221,90.5600,7988000
IBM,20040423,1600,90.8206,91.4293,90.1818,91.1000,5063200
IBM,20040426,1600,90.5694,91.3778,90.1702,90.2500,4533600
IBM,20040427,1600,90.4709,91.8083,90.3811,90.9300,4768000
IBM,20040428,1600,90.1202,90.7989,90.0304,90.2300,4706000
IBM,20040429,1600,89.8281,90.0776,88.0118,88.9000,7763200
IBM,20040430,1600,88.8283,89.0179,87.8303,87.9900,5019500
IBM,20040503,1600,87.9498,88.3390,87.0217,87.8400,6070100
IBM,20040504,1600,87.8420,89.5585,87.8220,88.8200,5451800
IBM,20040505,1600,89.5684,89.5684,88.3309,88.7800,4402300
IBM,20040506,1600,88.1000,89.1000,87.5900,88.3600,4319100
IBM,20040507,1600,87.7500,89.4000,87.6200,88.1900,5407400
IBM,20040510,1600,87.6000,88.1025,86.3700,86.8800,6692700
IBM,20040511,1600,87.2000,88.1500,86.8200,87.1300,6575000
IBM,20040512,1600,87.2500,87.2500,85.1200,86.8100,8436000
IBM,20040513,1600,86.7900,87.4100,86.2600,87.0300,3893000
IBM,20040514,1600,86.6500,87.3500,86.0700,86.4100,5197800
IBM,20040517,1600,85.3000,86.0300,85.1500,85.5300,5700000
IBM,20040518,1600,86.0800,86.4900,86.0000,86.0600,4401100
IBM,20040519,1600,87.4000,88.8800,86.5000,87.0500,7431800
IBM,20040520,1600,87.0600,87.9500,87.0500,87.4200,4031500
IBM,20040521,1600,87.5900,88.1800,86.9100,87.1300,5130000
IBM,20040524,1600,87.7500,87.8400,86.5500,87.1000,3778100
IBM,20040525,1600,86.7500,88.9200,86.5500,88.7000,5358100
IBM,20040526,1600,88.6400,88.8500,88.0400,88.3500,4308200
IBM,20040527,1600,88.7500,89.0800,87.9800,88.5900,4094600
IBM,20040528,1600,88.4800,88.8500,88.2500,88.5900,3203800
IBM,20040601,1600,88.0000,88.4800,87.3000,88.1200,4884300
IBM,20040602,1600,88.6400,88.6400,87.8900,87.9800,3912600
IBM,20040603,1600,87.8500,88.1000,87.3500,87.3500,3011500
IBM,20040604,1600,87.9500,88.4900,87.5000,87.5600,3803400
IBM,20040607,1600,88.7500,88.9900,88.0100,88.6400,4264500
IBM,20040608,1600,88.6400,90.5000,88.4000,90.0400,5400400
IBM,20040609,1600,89.9000,90.5500,89.8100,90.0900,5233400
IBM,20040610,1600,90.2300,90.7500,89.8910,90.4600,3468700
IBM,20040614,1600,90.0500,90.5800,89.6200,90.0700,4121400
IBM,20040615,1600,90.4900,91.2100,90.2315,90.5400,4508300
IBM,20040616,1600,90.2500,90.9300,90.0900,90.4900,1737700
IBM,20040617,1600,90.5000,90.5600,90.0700,90.4400,4208200
IBM,20040618,1600,90.2000,90.8000,89.9000,90.0600,6477200
IBM,20040621,1600,90.4000,90.4300,89.3100,89.4900,3868400
IBM,20040622,1600,89.2800,90.2400,89.1300,90.0200,4178300
IBM,20040623,1600,90.1000,90.8400,89.8400,90.7900,4371700
IBM,20040624,1600,90.2800,90.9200,89.8400,89.9900,4104000
IBM,20040625,1600,89.9500,90.2300,88.9400,89.5500,5617700
IBM,20040628,1600,89.7100,89.9000,88.3600,88.7100,4423200
IBM,20040629,1600,88.3500,88.4900,87.9000,88.2900,4394800
IBM,20040630,1600,88.3000,88.5000,87.7000,88.1500,4725800
IBM,20040701,1600,88.2800,88.4400,86.5700,87.5000,5094100
IBM,20040702,1600,87.4500,87.5500,86.6000,87.0400,2874500
IBM,20040706,1600,86.5000,86.7300,85.1300,85.7000,6408100
IBM,20040707,1600,85.3000,85.9400,85.0500,85.3500,5677300
IBM,20040708,1600,85.0000,85.0100,83.5800,83.6500,7529000
IBM,20040709,1600,84.4000,84.5000,83.5100,83.8900,6595200
IBM,20040712,1600,84.0000,85.2500,83.4200,84.9500,6009200
IBM,20040713,1600,85.9000,86.0900,85.2000,85.2500,6001500
IBM,20040714,1600,84.8400,85.2400,83.7800,84.1300,6298700
IBM,20040715,1600,84.1300,84.6300,83.6100,84.0200,7087500
IBM,20040716,1600,86.0500,86.4800,84.2800,84.2800,10441600
IBM,20040719,1600,84.5000,85.8500,84.4000,85.3000,6596000
IBM,20040720,1600,85.6300,86.4900,85.3000,86.3100,5424200
IBM,20040721,1600,86.7500,87.1100,85.3000,85.3000,5534000
IBM,20040722,1600,85.0000,86.4000,84.6800,86.0600,5972600
IBM,20040723,1600,85.7000,86.0600,84.5000,84.8500,4309400
IBM,20040726,1600,84.8500,85.5800,84.5100,85.0900,4517500
IBM,20040727,1600,85.6000,86.3000,85.4500,85.8800,4098500
IBM,20040728,1600,85.8800,86.2800,84.8800,85.8500,6566200
IBM,20040729,1600,86.2500,87.2200,86.2300,86.7700,4232300
IBM,20040730,1600,86.4500,87.4000,86.3875,87.0700,3584000
IBM,20040802,1600,86.8700,87.3900,86.4200,86.6900,3493500
IBM,20040803,1600,86.7000,86.8000,85.4400,85.7100,4147200
IBM,20040804,1600,85.3000,86.4500,85.2500,86.3700,2492500
IBM,20040805,1600,85.9700,86.4200,85.0100,85.1900,3880000
IBM,20040806,1600,84.3800,84.7600,83.4200,83.4800,5219200
IBM,20040809,1600,83.4800,83.9600,82.8700,83.5500,3621100
IBM,20040810,1600,84.0000,84.3500,83.9700,84.2700,540800
IBM,20040811,1600,83.7000,83.9800,83.1000,83.6900,5288000
IBM,20040812,1600,83.0500,83.0500,81.9000,82.2100,7134900
IBM,20040813,1600,82.5400,83.9400,82.5100,83.9100,5801900
IBM,20040816,1600,83.7000,84.5600,83.5100,84.0200,4361500
IBM,20040817,1600,84.1000,84.5400,83.6600,84.0400,3559600
IBM,20040818,1600,83.6000,85.1300,83.5700,85.1300,4397500
IBM,20040819,1600,84.7500,85.3500,84.4500,84.8900,4704500
IBM,20040820,1600,84.5200,85.2500,84.5200,85.2500,4501400
IBM,20040823,1600,85.2300,85.4500,84.6500,84.6500,4260600
IBM,20040824,1600,85.0000,85.1500,84.3500,84.7100,2710400
IBM,20040825,1600,85.0000,85.2700,84.5500,85.0700,4405600
IBM,20040826,1600,85.0000,85.0400,84.6900,84.6900,3134400
IBM,20040827,1600,84.6500,84.9500,84.5900,84.9400,2444800
IBM,20040830,1600,84.5700,84.9900,84.3900,84.4000,2278100
IBM,20040831,1600,84.5500,84.6900,83.6500,84.6900,3401400
IBM,20040901,1600,84.0500,85.0900,84.0100,84.7400,1534400
IBM,20040902,1600,84.2200,84.7800,83.8500,84.5700,3389000
IBM,20040903,1600,84.3000,84.6900,83.9600,84.3900,3479800
IBM,20040907,1600,84.7000,85.4400,84.6000,84.9700,4002800
IBM,20040908,1600,84.9000,86.5100,84.8800,86.1700,3818500
IBM,20040909,1600,85.8600,86.7900,85.8600,86.4400,4517400
IBM,20040910,1600,86.4300,87.0000,86.2500,86.7600,3753500
IBM,20040913,1600,87.0000,87.2800,86.0800,86.4900,4801400
IBM,20040914,1600,86.6000,86.8800,86.1500,86.7200,3953500
IBM,20040915,1600,85.9400,86.5000,85.8900,86.3800,1769800
IBM,20040916,1600,86.2000,86.9600,85.9300,86.1200,3623300
IBM,20040917,1600,86.4000,86.5000,85.4400,85.7400,6198700
IBM,20040920,1600,85.4000,86.4300,85.4000,85.7000,4380400
IBM,20040921,1600,85.7000,86.1100,85.3400,85.7200,4049700
IBM,20040922,1600,85.3500,85.4400,84.1700,84.3100,5037100
IBM,20040923,1600,84.0400,84.2700,83.2400,83.8800,4801200
IBM,20040924,1600,83.8000,84.7400,83.7800,84.4300,4899500
IBM,20040927,1600,84.1000,84.4400,83.9800,84.1600,4650300
IBM,20040928,1600,84.3500,84.6500,83.8800,84.4800,3874200
IBM,20040929,1600,84.4800,84.9800,84.1500,84.9800,4204500
IBM,20040930,1600,85.1400,85.9800,85.0100,85.7400,5198000
IBM,20041001,1600,85.9500,86.9800,85.8800,86.7200,4538000
IBM,20041004,1600,87.0000,88.1000,86.7200,87.1600,5001400
IBM,20041005,1600,87.9500,88.0300,87.1300,87.3200,5150700
IBM,20041006,1600,87.1400,88.1000,87.1000,88.0400,3984400
IBM,20041007,1600,88.0400,88.1000,87.4000,87.4200,3076900
IBM,20041008,1600,87.4300,87.9100,86.5100,86.7100,4090000
IBM,20041011,1600,86.7700,87.2000,86.2700,86.6300,3016300
IBM,20041012,1600,86.0200,86.2000,85.5800,86.0000,4626600
IBM,20041013,1600,86.2600,86.4800,84.4300,84.9800,6651400
IBM,20041014,1600,84.7500,84.9800,84.3000,84.7800,4233700
IBM,20041015,1600,84.7800,85.2500,84.6000,84.8500,5928500
IBM,20041018,1600,84.3000,86.1500,84.2900,85.9200,7280800
IBM,20041019,1600,88.2000,89.6500,88.0000,89.0000,7494100
IBM,20041020,1600,88.4500,89.1900,88.2900,88.8400,4026000
IBM,20041021,1600,88.4000,88.7600,87.6600,88.1000,6272100
IBM,20041022,1600,88.2200,88.4500,87.2900,87.3900,5988700
IBM,20041025,1600,87.3600,88.9000,87.3100,88.4300,5774500
IBM,20041026,1600,88.3300,89.5700,88.2500,89.0000,7337600
IBM,20041027,1600,88.5800,90.2700,88.5000,90.0000,6035100
IBM,20041028,1600,89.8000,90.2400,89.5200,89.9900,2528500
IBM,20041029,1600,89.4000,89.9000,88.9500,89.7500,4518500
IBM,20041101,1600,89.3300,90.6000,89.2300,90.1100,5160900
IBM,20041102,1600,89.5500,91.2200,89.5000,90.4700,5391400
IBM,20041103,1600,91.2500,91.9000,90.9700,91.2000,6553400
IBM,20041104,1600,91.0500,92.7000,90.8200,92.3800,6952100
IBM,20041105,1600,92.4000,93.5200,92.4000,93.2800,6708500
IBM,20041108,1600,92.5000,93.7000,92.5000,93.3700,4907300
IBM,20041109,1600,93.0000,93.8800,93.0000,93.7300,2736900
IBM,20041110,1600,92.0564,93.4236,92.0564,92.7400,6258400
IBM,20041111,1600,92.7310,94.3360,92.6716,93.9100,7453400
IBM,20041112,1600,93.7762,94.6083,93.6771,94.4300,4958400
IBM,20041115,1600,94.1978,95.1093,93.9204,95.0300,4887600
IBM,20041116,1600,94.3667,94.6143,93.7722,94.0100,5684100
IBM,20041117,1600,94.4115,95.7291,94.4115,94.5700,6353200
IBM,20041118,1600,94.4676,94.8044,94.1407,94.2100,4655900
IBM,20041119,1600,94.0653,94.2734,93.3719,93.5700,5679100
IBM,20041122,1600,93.4176,94.5073,93.2789,94.2200,5814100
IBM,20041123,1600,93.8154,94.4792,93.6668,94.3900,5529900
IBM,20041124,1600,94.1539,94.8969,94.1539,94.5700,3750600
IBM,20041126,1600,94.1669,94.4939,93.7013,93.8400,2204300
IBM,20041129,1600,94.0552,95.4818,94.0552,94.6100,5699800
IBM,20041130,1600,94.2615,94.7568,93.3600,93.3600,5870300
IBM,20041201,1600,93.6228,95.1782,93.5931,94.9900,5664500
IBM,20041202,1600,94.7610,95.8805,94.6025,94.8700,5152300
IBM,20041203,1600,95.6549,96.7249,95.6549,96.1800,7026800
IBM,20041206,1600,95.9774,96.9879,95.7495,96.7600,5263000
IBM,20041207,1600,96.7952,97.3401,95.1010,95.2100,6477100
IBM,20041208,1600,95.5320,96.4435,94.8782,95.7500,5310700
IBM,20041209,1600,95.3022,96.6892,94.8168,96.6000,5713700
IBM,20041210,1600,95.2053,97.0777,95.2053,95.7700,4188300
IBM,20041213,1600,95.9463,96.2930,95.1835,95.5500,4799500
IBM,20041214,1600,95.3994,96.7864,95.3895,96.4000,4493200
IBM,20041215,1600,96.0138,96.7865,95.9049,96.4200,3914500
IBM,20041216,1600,95.8961,97.2335,95.8961,96.5400,5660100
IBM,20041217,1600,96.0925,97.0832,95.3000,95.3000,8853100
IBM,20041220,1600,95.4519,96.6605,95.4519,95.6500,4769900
IBM,20041221,1600,95.6940,96.2488,95.6147,96.1200,4841800
IBM,20041222,1600,96.4424,97.0666,96.3830,96.7000,4950100
IBM,20041223,1600,96.5920,97.0874,96.5920,96.8100,3590600
IBM,20041227,1600,96.7782,97.0556,96.4711,96.5900,3262900
IBM,20041228,1600,96.4884,97.6277,96.4587,97.3800,4336400
IBM,20041229,1600,96.9034,97.5573,96.8935,97.2700,3296300
IBM,20041230,1600,97.1819,98.0734,97.1522,97.3800,3812400
IBM,20041231,1600,97.6798,97.9869,97.5708,97.6600,2793200
IBM,20050103,1600,98.0486,98.1774,96.3447,96.8400,5295200
IBM,20050104,1600,96.8303,97.5040,95.6217,95.8000,5711000
IBM,20050105,1600,95.6991,96.9176,95.5009,95.6000,5646700
IBM,20050106,1600,95.6368,96.0727,95.1514,95.3000,4561700
IBM,20050107,1600,95.6033,95.9005,94.5829,94.8900,6200700
IBM,20050110,1600,94.8891,95.1962,94.3541,94.7900,4625100
IBM,20050111,1600,94.7937,94.9027,93.8327,94.1200,4746400
IBM,20050112,1600,94.1120,94.3893,93.1807,94.3200,5828600
IBM,20050113,1600,94.5012,95.3037,92.8270,93.5700,5339400
IBM,20050114,1600,93.1308,93.3686,92.6751,93.2200,5520800
IBM,20050118,1600,92.7816,94.4559,92.7519,94.0200,8492100
IBM,20050119,1600,94.0627,94.2608,92.0616,92.2300,7352700
IBM,20050120,1600,91.7436,92.9621,91.7337,92.1300,5708600
IBM,20050121,1600,92.1342,92.4314,91.3714,91.5200,7002600
IBM,20050124,1600,91.8416,91.9902,90.9103,90.9400,6537300
IBM,20050125,1600,91.1220,91.7263,91.0922,91.3300,5070700
IBM,20050126,1600,91.4367,92.0014,91.0801,91.0900,5352000
IBM,20050127,1600,90.6445,91.3578,90.5850,91.1200,4746900
IBM,20050128,1600,91.8219,92.7235,91.6238,92.0300,5960600
IBM,20050131,1600,92.7779,93.0751,92.1834,92.5500,4759900
IBM,20050201,1600,92.8018,93.1287,92.5045,92.9900,3637400
IBM,20050202,1600,92.9049,93.4695,92.7563,93.4200,3597400
IBM,20050203,1600,92.9969,93.0663,92.1945,92.6700,3928700
IBM,20050204,1600,92.1440,93.8579,92.1341,93.6300,3807600
IBM,20050207,1600,93.4717,94.0166,93.4519,93.6500,2837800
IBM,20050208,1600,93.5094,93.9362,93.4300,93.4300,3541100
IBM,20050209,1600,93.4393,94.1241,91.8512,92.0100,5657100
IBM,20050210,1600,92.2586,92.4075,91.6134,92.0700,4838400
IBM,20050211,1600,92.0144,93.2750,91.8159,92.6100,4229300
IBM,20050214,1600,92.4730,93.3267,92.4730,92.8800,2868800
IBM,20050215,1600,92.8062,93.9675,92.7863,93.6300,4148000
IBM,20050216,1600,93.5329,94.2674,93.5031,93.9200,4466500
IBM,20050217,1600,93.7944,94.0525,93.0401,93.0500,4254200
IBM,20050218,1600,93.0564,93.5528,92.2127,92.5800,4265300
IBM,20050222,1600,91.9774,92.8012,91.5407,91.6300,4825100
IBM,20050223,1600,91.6086,91.7575,90.8741,91.4200,5622800
IBM,20050224,1600,91.2949,92.3966,91.1659,91.9500,4153900
IBM,20050225,1600,91.6633,92.1100,91.6038,92.1100,4078500
IBM,20050228,1600,91.8404,92.0687,91.7213,91.8900,4949800
IBM,20050301,1600,91.9549,92.7390,91.9053,92.6100,3819900
IBM,20050302,1600,92.0613,93.0340,92.0613,92.2300,4467400
IBM,20050303,1600,92.4545,92.5140,91.5116,91.7200,4037800
IBM,20050304,1600,92.2457,92.4839,91.6701,91.6800,4754000
IBM,20050307,1600,91.6644,91.8232,90.9101,90.9200,7046900
IBM,20050308,1600,91.0232,91.8768,91.0232,91.4500,5087800
IBM,20050309,1600,91.3325,92.3051,91.3225,91.6600,4511200
IBM,20050310,1600,91.6604,92.1071,91.4024,91.7200,3422500
IBM,20050311,1600,91.5645,91.7233,90.5223,90.8300,4494300
IBM,20050314,1600,90.8230,91.3590,90.8230,91.2200,3935500
IBM,20050315,1600,91.3154,91.5834,90.5213,90.7000,3663100
IBM,20050316,1600,90.0693,90.7245,89.5830,89.9800,5065300
IBM,20050317,1600,89.8153,90.0039,89.0312,89.1900,5562100
IBM,20050318,1600,89.1957,89.2354,88.4314,88.6200,7541500
IBM,20050321,1600,88.7607,89.6143,88.6118,88.8500,4402400
IBM,20050322,1600,88.9492,89.6738,88.6018,88.8400,4452500
IBM,20050323,1600,89.3041,90.4952,89.1552,89.8500,5472100
IBM,20050324,1600,90.1293,90.8737,90.0300,90.0300,4577100
IBM,20050328,1600,90.0325,90.9456,89.9431,90.3600,4088900
IBM,20050329,1600,90.0690,90.3965,89.5131,89.9300,6070400
IBM,20050330,1600,89.6527,90.2085,89.6527,90.0100,5253900
IBM,20050331,1600,89.7868,90.7298,89.5486,90.7000,4418600
IBM,20050401,1600,90.8122,91.0802,89.3730,89.7700,5721200
IBM,20050404,1600,89.4118,89.9478,89.1041,89.6500,3737800
IBM,20050405,1600,89.5651,89.6644,88.6023,88.9100,4568400
IBM,20050406,1600,88.3896,88.7172,88.0522,88.3400,7836800
IBM,20050407,1600,88.3358,88.5343,87.4425,87.7800,6355700
IBM,20050408,1600,87.6250,87.8036,86.8507,86.9500,5179200
IBM,20050411,1600,86.7015,86.9099,85.4508,85.5600,8296500
IBM,20050412,1600,85.2589,85.5963,84.5343,85.1100,8429700
IBM,20050413,1600,85.1211,85.3296,83.6125,83.9400,7090700
IBM,20050414,1600,83.8836,84.7769,82.8513,83.0200,10421200
IBM,20050415,1600,78.4129,79.0680,75.7627,76.1300,27906300
IBM,20050418,1600,76.5763,77.1718,75.5738,76.0800,13255000
IBM,20050419,1600,76.4089,76.6272,74.6917,74.9200,9259900
IBM,20050420,1600,74.9245,75.3116,71.3212,71.4800,20366300
IBM,20050421,1600,72.4577,73.5495,72.2591,73.4800,16224400
IBM,20050422,1600,73.6799,74.1464,72.7170,73.6600,10984400
IBM,20050425,1600,74.5464,75.1618,73.5041,74.0600,10219400
IBM,20050426,1600,74.1256,76.4085,74.0958,74.8700,12484300
IBM,20050427,1600,75.0407,76.6090,74.9415,76.4800,11631400
IBM,20050428,1600,76.4816,76.5411,75.0919,75.3500,8629200
IBM,20050429,1600,76.4750,76.5048,75.3435,75.8100,8147700
IBM,20050502,1600,76.3072,76.7142,75.4636,75.9400,7232500
IBM,20050503,1600,76.2077,76.3863,75.3640,75.9000,6196300
IBM,20050504,1600,76.0335,76.6291,75.9343,76.5100,5512300
IBM,20050505,1600,77.4215,77.5306,74.7713,74.9400,12371800
IBM,20050506,1600,75.1986,75.5568,74.6114,74.9000,7750300
IBM,20050509,1600,74.8987,75.0977,74.3513,74.6200,5616700
IBM,20050510,1600,74.3931,74.4030,72.6912,72.9500,7982200
IBM,20050511,1600,73.2783,73.3380,72.1637,72.9300,6915700
IBM,20050512,1600,73.1756,73.4443,72.1506,72.2700,6061900
IBM,20050513,1600,72.1830,73.5067,72.1731,72.8100,7150600
IBM,20050516,1600,72.7361,74.1293,72.7361,73.9800,5501500
IBM,20050517,1600,73.5717,74.0693,72.9747,73.9300,5135600
IBM,20050518,1600,74.6366,76.4478,74.3281,75.9900,10309600
IBM,20050519,1600,76.1332,77.2677,76.0038,76.7900,7030400
IBM,20050520,1600,76.9058,76.9058,75.9902,76.0400,6329800
IBM,20050523,1600,75.9310,76.5779,75.6325,76.1400,4759800
IBM,20050524,1600,75.7784,76.1467,75.2012,75.4500,5660700
IBM,20050525,1600,75.0627,75.6699,74.8139,75.6400,5483400
IBM,20050526,1600,76.0833,77.0387,75.9241,76.7700,5832000
IBM,20050527,1600,76.7400,76.8693,76.1627,76.7300,3163900
IBM,20050531,1600,76.9317,77.0411,75.1402,75.1900,6419000
IBM,20050601,1600,75.2061,77.1268,75.2061,76.4700,7380600
IBM,20050602,1600,76.3829,77.0198,76.3132,76.9800,4025600
IBM,20050603,1600,76.6940,76.7338,75.3802,75.4300,6149900
IBM,20050606,1600,75.4362,75.5357,74.5604,74.6400,5978600
IBM,20050607,1600,74.6402,75.7250,74.6402,74.6800,5226600
IBM,20050608,1600,74.6788,75.0371,74.2708,74.4400,4280000
IBM,20050609,1600,74.2217,75.1074,73.8734,74.5700,4423200
IBM,20050610,1600,74.3901,74.6887,73.7432,74.4100,4895800
IBM,20050613,1600,74.1426,75.5658,74.0929,74.6900,5715700
IBM,20050614,1600,74.6892,75.0674,74.3708,74.5300,4314900
IBM,20050615,1600,75.3329,76.1290,74.7856,75.9300,7103600
IBM,20050616,1600,76.0331,76.8790,75.9436,76.6800,7840000
IBM,20050617,1600,77.3237,77.3535,76.0100,76.0200,8593800
IBM,20050620,1600,75.6625,76.6079,75.2047,76.1800,3745600
IBM,20050621,1600,76.3286,76.6271,75.7415,76.0400,5339100
IBM,20050622,1600,76.4619,77.1188,76.3027,76.8600,5646300
IBM,20050623,1600,76.4433,76.6026,74.7017,75.0500,7766700
IBM,20050624,1600,74.8145,75.0434,73.6500,73.6600,10792100
IBM,20050627,1600,73.6594,74.4158,73.1518,73.5300,6489800
IBM,20050628,1600,73.4770,74.9400,73.0988,74.9400,8188800
IBM,20050629,1600,74.8974,75.3154,74.2605,74.3700,5519100
IBM,20050630,1600,74.4371,75.1237,73.7106,73.8400,6127000
IBM,20050701,1600,73.9418,74.9668,73.9418,74.3100,4353100
IBM,20050705,1600,74.0220,74.6091,73.8030,74.4300,5181800
IBM,20050706,1600,74.4448,75.7884,74.0467,75.4500,8009300
IBM,20050707,1600,74.7907,77.1593,74.6414,77.0100,10757200
IBM,20050708,1600,77.0092,79.1389,76.7704,78.9200,13440500
IBM,20050711,1600,79.0179,79.1373,78.1421,78.5800,7186700
IBM,20050712,1600,78.8240,80.1079,78.8041,79.6600,10945500
IBM,20050713,1600,80.7714,81.3586,80.7714,81.0600,11340000
IBM,20050714,1600,81.6120,82.2788,81.6120,82.0300,8546200
IBM,20050715,1600,82.0398,82.3582,81.1341,81.9900,7644100
IBM,20050718,1600,81.5991,83.5398,81.2906,81.4200,8705600
IBM,20050719,1600,84.3151,84.7033,83.3000,83.3000,14149700
IBM,20050720,1600,82.8066,84.5583,82.5976,84.2000,9323200
IBM,20050721,1600,84.1991,84.5474,83.0047,84.0000,8265300
IBM,20050722,1600,83.5822,84.2291,83.4627,84.0400,4570400
IBM,20050725,1600,83.5810,84.1185,83.5213,83.8000,4457800
IBM,20050726,1600,83.7499,83.9489,83.4513,83.7200,4542900
IBM,20050727,1600,83.4003,83.7288,82.4151,83.4700,4862200
IBM,20050728,1600,83.1512,83.5692,82.8725,83.4000,6189700
IBM,20050729,1600,82.9008,83.5477,82.8212,83.0600,4330300
IBM,20050801,1600,82.6021,83.4480,82.4528,83.0300,3664300
IBM,20050802,1600,82.8702,83.4574,82.6413,82.9100,5380700
IBM,20050803,1600,82.9136,83.7993,82.7145,83.6600,4256200
IBM,20050804,1600,83.3470,83.4863,82.5807,82.7200,5249900
IBM,20050805,1600,82.3529,83.3382,82.3330,82.9600,3714600
IBM,20050808,1600,83.2099,83.6887,82.8208,83.1600,4424300
IBM,20050809,1600,83.2002,83.7489,82.7413,83.3000,3793500
IBM,20050810,1600,83.4460,83.8051,81.7701,81.8200,5402400
IBM,20050811,1600,81.7318,82.5498,81.4225,82.4600,4570400
IBM,20050812,1600,81.9501,82.3791,81.8603,81.9900,4378200
IBM,20050815,1600,81.7015,82.7389,81.4122,82.3000,3431100
IBM,20050816,1600,81.8782,82.2374,80.9005,81.1100,4407400
IBM,20050817,1600,81.2098,81.7485,80.6511,81.1100,4853000
IBM,20050818,1600,80.9101,81.8080,80.6108,80.9600,3713300
IBM,20050819,1600,81.1634,83.0987,81.1634,82.5600,6481000
IBM,20050822,1600,82.5496,83.1482,81.6518,82.4000,5157200
IBM,20050823,1600,82.4984,82.9373,81.4010,81.8300,4000300
IBM,20050824,1600,81.3395,82.2075,81.0402,81.1300,4417600
IBM,20050825,1600,81.2592,81.2592,80.5309,80.9100,3606100
IBM,20050826,1600,80.6190,80.8285,80.0703,80.1900,5029300
IBM,20050829,1600,79.8131,81.5590,79.7134,81.1500,4025300
IBM,20050830,1600,80.8089,80.8089,79.7913,80.3500,5674200
IBM,20050831,1600,80.1606,80.5996,79.6818,80.4300,5400800
IBM,20050901,1600,79.9685,80.1281,79.1505,79.3500,6390600
IBM,20050902,1600,79.3099,79.8187,79.2700,79.2700,3680600
IBM,20050906,1600,79.5131,80.9996,79.5131,80.8300,6305500
IBM,20050907,1600,80.5107,80.9396,80.1315,80.7900,4116300
IBM,20050908,1600,81.0889,81.3283,80.3107,80.6100,4277300
IBM,20050909,1600,80.6714,81.2999,80.3321,81.2500,3982200
IBM,20050912,1600,80.8410,81.9185,80.8111,81.2900,3692800
IBM,20050913,1600,81.2983,81.2983,80.3305,80.5600,5040900
IBM,20050914,1600,80.5594,81.2078,80.2301,80.2900,3887700
IBM,20050915,1600,80.2390,80.4585,79.4808,79.8200,4864100
IBM,20050916,1600,80.1899,80.3096,79.6412,80.1400,7624900
IBM,20050919,1600,79.5493,79.7887,78.8210,79.2400,5148500
IBM,20050920,1600,79.0786,79.4577,78.4402,78.5100,7122300
IBM,20050921,1600,77.8089,78.2678,77.1805,77.3700,7126000
IBM,20050922,1600,77.3716,78.3093,77.1122,78.0200,6870400
IBM,20050923,1600,77.5107,77.9197,77.3112,77.8100,5434600
IBM,20050926,1600,78.1178,78.2175,76.7412,77.2200,5433200
IBM,20050927,1600,76.9820,78.4085,76.9720,77.8000,5499600
IBM,20050928,1600,77.8734,79.5395,77.8734,79.3100,7747700
IBM,20050929,1600,79.0626,80.3596,78.6835,80.1700,5899700
IBM,20050930,1600,79.8305,80.3093,79.7806,80.0300,5536500
IBM,20051003,1600,80.0305,80.4096,79.3122,80.2600,5297600
IBM,20051004,1600,80.4587,81.2768,79.7404,79.9200,6365100
IBM,20051005,1600,79.9193,80.4880,79.3706,79.6300,4998800
IBM,20051006,1600,79.6297,80.0786,78.5124,79.5100,8130200
IBM,20051007,1600,80.0606,80.9285,79.9010,80.3100,6130100
IBM,20051010,1600,81.0500,81.9080,80.8904,81.0600,7882900
IBM,20051011,1600,82.0523,83.3192,81.7729,82.9900,9781300
IBM,20051012,1600,82.5486,82.7282,81.7506,81.9900,7580800
IBM,20051013,1600,81.5012,82.9976,81.5012,82.0000,5530600
IBM,20051014,1600,82.3994,82.5091,81.4018,82.1500,5573700
IBM,20051017,1600,82.1606,82.7890,81.7316,82.3900,7964800
IBM,20051018,1600,84.1280,84.3973,83.1503,83.2800,12045300
IBM,20051019,1600,82.2142,83.9999,82.1843,83.9700,7502600
IBM,20051020,1600,83.7980,83.9875,82.6807,82.9700,5752700
IBM,20051021,1600,82.8806,83.7984,82.7110,83.1300,6020700
IBM,20051024,1600,82.9508,83.4097,82.4021,83.2700,5482200
IBM,20051025,1600,82.8807,83.7486,82.5116,83.1600,5393300
IBM,20051026,1600,82.7698,83.6676,82.5204,82.6900,4270800
IBM,20051027,1600,82.3295,82.7285,82.0501,82.1100,3705800
IBM,20051028,1600,82.1279,82.2376,80.3121,81.2300,6941300
IBM,20051031,1600,81.3109,82.0990,81.1014,81.6800,7531200
IBM,20051101,1600,81.6494,81.9486,81.0907,81.3900,5653100
IBM,20051102,1600,81.0097,81.6981,80.4510,80.8700,6447400
IBM,20051103,1600,81.3532,82.8296,81.1138,82.6700,7690900
IBM,20051104,1600,82.7102,83.0993,82.4508,82.8000,3831400
IBM,20051107,1600,82.9012,83.6494,82.8713,83.4100,4455100
IBM,20051108,1600,83.4100,83.9000,83.1100,83.1500,3798000
IBM,20051109,1600,82.7100,83.3300,82.4900,82.8400,3936200
IBM,20051110,1600,82.7000,84.3000,82.3000,83.9900,4732000
IBM,20051111,1600,84.2000,84.8400,84.1500,84.5500,4841300
IBM,20051114,1600,84.2500,85.0000,84.1100,84.3600,3915300
IBM,20051115,1600,84.0300,85.9000,84.0300,85.5300,6830800
IBM,20051116,1600,85.4500,86.5800,85.3900,86.5400,6694100
IBM,20051117,1600,86.1800,86.9800,85.7600,86.8900,5293600
IBM,20051118,1600,88.0000,88.0000,87.1700,87.7700,7985700
IBM,20051121,1600,87.6000,87.8700,87.0100,87.2900,4807900
IBM,20051122,1600,86.8800,88.0800,86.8800,87.9900,5786600
IBM,20051123,1600,88.1200,89.3900,87.9500,88.8000,5399300
IBM,20051125,1600,88.9500,89.3200,88.6200,88.8000,2199300
IBM,20051128,1600,88.8000,89.4300,88.7500,89.1100,5197900
IBM,20051129,1600,89.1800,89.9400,89.0200,89.1000,5147000
IBM,20051130,1600,89.0500,89.6400,88.7300,88.9000,6021500
IBM,20051201,1600,89.1500,89.7400,89.0500,89.2100,4668500
IBM,20051202,1600,89.0000,89.1500,88.3600,88.6500,4730500
IBM,20051205,1600,88.4000,88.6500,87.7100,88.4300,4023600
IBM,20051206,1600,88.5600,89.8400,88.5600,89.1400,4871500
IBM,20051207,1600,89.0000,89.9200,88.4500,88.7200,5284000
IBM,20051208,1600,88.5700,88.9100,86.6700,87.5000,5786900
IBM,20051209,1600,86.8000,87.1000,86.3300,86.9700,6461800
IBM,20051212,1600,87.0100,87.3500,85.7600,85.9600,6044100
IBM,20051213,1600,84.5000,84.9000,83.5000,83.7100,12545300
IBM,20051214,1600,83.6500,83.9500,82.9500,83.1300,7161800
IBM,20051215,1600,82.8800,83.6300,82.7500,83.5300,6155900
IBM,20051216,1600,83.8900,84.0000,83.0000,83.3700,7398200
IBM,20051219,1600,83.2300,83.6000,82.6500,82.7600,4985400
IBM,20051220,1600,82.9500,83.1000,82.0600,82.4800,5276200
IBM,20051221,1600,82.4600,84.0000,82.4600,83.1200,6846800
IBM,20051222,1600,82.6100,83.2300,82.3000,83.2200,6573600
IBM,20051223,1600,84.0000,84.2000,83.3900,83.4800,3616200
IBM,20051227,1600,83.4800,84.5000,82.8900,82.9900,4377800
IBM,20051228,1600,83.1000,83.5700,82.8000,83.0400,3836800
IBM,20051229,1600,82.8000,83.0600,82.2200,82.4000,3958400
IBM,20051230,1600,81.8500,82.4900,81.5600,82.2000,5449000
IBM,20060103,1600,82.4500,82.5500,80.8100,82.0600,11715100
IBM,20060104,1600,82.2000,82.5000,81.3300,81.9500,9832800
IBM,20060105,1600,81.4000,82.9000,81.2500,82.5000,7213400
IBM,20060106,1600,83.9500,85.0300,83.4100,84.9500,8196900
IBM,20060109,1600,83.9000,84.2500,83.3800,83.7300,6851100
IBM,20060110,1600,83.1500,84.1200,83.1200,84.0700,5700000
IBM,20060111,1600,84.3700,84.8100,83.4000,84.1700,5776400
IBM,20060112,1600,83.8200,83.9600,83.4000,83.5700,4924100
IBM,20060113,1600,83.0000,83.4500,82.5000,83.1700,6921600
IBM,20060117,1600,82.8000,83.1600,82.5400,83.0000,8718400
IBM,20060118,1600,84.0000,84.7000,83.5200,83.8000,10984800
IBM,20060119,1600,84.1400,84.3900,83.0200,83.0900,6483500
IBM,20060120,1600,83.0400,83.0500,81.2500,81.3600,8605800
IBM,20060123,1600,81.3300,81.9200,80.9200,81.4100,6114100
IBM,20060124,1600,81.3900,82.1500,80.8000,80.8500,6069000
IBM,20060125,1600,81.0500,81.6200,80.6100,80.9100,6374300
IBM,20060126,1600,81.5000,81.6500,80.5900,80.7200,7810200
