Ticker,Date,Time,Open,High,Low,Close,Vol
INTC,20030303,1600,17.0683,17.2477,16.5203,16.6000,58274100
INTC,20030304,1600,16.6297,16.8490,16.4205,16.5600,50779600
INTC,20030305,1600,16.6011,17.0296,16.5413,16.9200,49337000
INTC,20030306,1600,16.7993,16.9288,16.5103,16.6000,56422200
INTC,20030307,1600,15.8006,16.1293,15.6611,15.9500,91034200
INTC,20030310,1600,15.8599,16.0392,15.6507,15.8400,57545600
INTC,20030311,1600,15.9095,16.0391,15.7502,15.7900,49677600
INTC,20030312,1600,15.7513,16.1499,15.5322,16.1100,61890000
INTC,20030313,1600,16.5625,17.3000,16.3433,17.2900,78008096
INTC,20030314,1600,17.3492,17.3791,16.8210,17.1100,73086096
INTC,20030317,1600,16.9341,18.1095,16.8743,17.9900,77678200
INTC,20030318,1600,18.1003,18.2198,17.7118,18.1800,62210200
INTC,20030319,1600,18.0196,18.1291,17.6012,17.9100,64608400
INTC,20030320,1600,17.8015,18.5387,17.7318,18.2000,68798496
INTC,20030321,1600,18.6209,18.9397,18.4316,18.8500,73448400
INTC,20030324,1600,18.0090,18.2480,17.7400,17.7500,64780300
INTC,20030325,1600,17.8604,18.1692,17.5815,17.9700,60596500
INTC,20030326,1600,17.9196,17.9794,17.7304,17.8200,44360100
INTC,20030327,1600,17.5399,17.7490,17.3506,17.5100,46430300
INTC,20030328,1600,17.3593,17.5885,17.1401,17.1600,37304200
INTC,20030331,1600,16.5886,16.7580,16.2001,16.2200,66443100
INTC,20030401,1600,16.3201,16.5892,16.2205,16.3600,45993300
INTC,20030402,1600,16.9418,17.5397,16.9418,17.4600,56811800
INTC,20030403,1600,17.5498,17.9283,17.3805,17.5000,55164700
INTC,20030404,1600,17.5680,17.6178,16.7907,16.9900,56633700
INTC,20030407,1600,17.9876,18.0274,17.2900,17.2900,59299000
INTC,20030408,1600,17.3290,17.4187,16.8806,17.0400,48778100
INTC,20030409,1600,17.0883,17.3673,16.5901,16.6200,56516400
INTC,20030410,1600,16.8001,16.9196,16.5011,16.8200,44893000
INTC,20030411,1600,17.1882,17.3177,16.5804,16.6800,41744200
INTC,20030414,1600,16.7612,17.1399,16.5918,17.1000,41620500
INTC,20030415,1600,17.0700,17.2793,16.8607,17.0700,62708600
INTC,20030416,1600,17.8908,18.2494,17.7314,18.0900,106294400
INTC,20030417,1600,17.9225,18.6199,17.8229,18.5900,68959104
INTC,20030421,1600,18.4804,18.7195,18.2214,18.5800,50354700
INTC,20030422,1600,18.2226,18.9499,18.1728,18.9300,60474700
INTC,20030423,1600,18.9815,19.4897,18.8221,19.4100,63125000
INTC,20030424,1600,19.2785,19.2785,18.6210,18.8800,65451700
INTC,20030425,1600,18.4790,18.5188,17.9908,18.2100,60849000
INTC,20030428,1600,18.2715,18.8095,18.1121,18.6800,51125000
INTC,20030429,1600,18.8998,19.1987,18.6308,18.8500,60841900
INTC,20030430,1600,18.7683,18.8381,18.2902,18.3300,64415500
INTC,20030501,1600,18.3006,18.6891,18.2309,18.4600,52929100
INTC,20030502,1600,18.4525,18.9797,18.2934,18.9300,59571700
INTC,20030505,1600,19.1591,19.3483,18.8902,18.9400,55276200
INTC,20030506,1600,18.9023,19.5994,18.8525,19.4500,62109200
INTC,20030507,1600,19.1997,19.4586,18.9806,19.1200,53515100
INTC,20030508,1600,18.8398,19.1883,18.7601,18.7900,54055600
INTC,20030509,1600,19.2510,19.5000,19.0917,19.5000,51872500
INTC,20030512,1600,19.4020,19.9498,19.3522,19.9100,68815600
INTC,20030513,1600,19.7102,19.8795,19.5707,19.7500,46439800
INTC,20030514,1600,19.8290,19.8887,19.2215,19.5800,57713200
INTC,20030515,1600,19.7706,20.0296,19.5316,19.9200,71834200
INTC,20030516,1600,19.6192,19.9179,19.3702,19.4200,56693900
INTC,20030519,1600,19.0679,19.2273,18.5502,18.5900,59059300
INTC,20030520,1600,18.5900,18.7692,18.4306,18.5800,56797200
INTC,20030521,1600,18.7102,18.8098,18.4911,18.7600,49470700
INTC,20030522,1600,18.8493,18.9788,18.6502,18.6900,60999000
INTC,20030523,1600,18.6902,18.9092,18.6404,18.7300,36898400
INTC,20030527,1600,18.6144,19.7100,18.5945,19.7000,71371296
INTC,20030528,1600,19.7696,20.0185,19.5305,19.6600,69176896
INTC,20030529,1600,19.7145,20.8794,19.6945,20.7400,122283696
INTC,20030530,1600,20.7798,20.9192,20.3516,20.7300,69245000
INTC,20030602,1600,20.9073,21.0666,20.2104,20.2900,73472400
INTC,20030603,1600,20.2732,21.0299,20.0939,21.0100,67898600
INTC,20030604,1600,20.9415,21.4095,20.7622,21.2900,79271296
INTC,20030605,1600,21.0031,21.8595,20.7143,21.7500,88161800
INTC,20030606,1600,22.3671,22.8252,21.6501,21.6700,105871504
INTC,20030609,1600,21.5003,21.6895,21.0522,21.5800,50303400
INTC,20030610,1600,21.8202,21.8900,21.3820,21.8800,52440200
INTC,20030611,1600,21.4415,21.8697,21.3120,21.8000,54241500
INTC,20030612,1600,21.9205,22.2492,21.7911,22.0500,59508600
INTC,20030613,1600,21.8675,21.9671,21.1107,21.2700,58853400
INTC,20030616,1600,21.4115,21.8497,21.2323,21.7800,52015900
INTC,20030617,1600,21.8778,21.9177,21.2903,21.3600,50766600
INTC,20030618,1600,21.2119,21.8791,21.0525,21.6600,62519500
INTC,20030619,1600,21.5677,21.8266,21.0300,21.0300,69563696
INTC,20030620,1600,21.2471,21.3267,20.5501,20.5800,78909400
INTC,20030623,1600,20.6085,20.8773,19.9614,20.2700,59628100
INTC,20030624,1600,20.0215,20.6487,19.9518,20.3600,63799700
INTC,20030625,1600,20.4480,20.7468,19.9102,19.9600,61250600
INTC,20030626,1600,20.2114,20.6694,20.0621,20.5400,52904900
INTC,20030627,1600,20.6094,21.0375,20.4402,20.4800,63348200
INTC,20030630,1600,21.0486,21.2079,20.5010,20.7200,51457500
INTC,20030701,1600,20.7823,21.4096,20.4238,21.3200,64496600
INTC,20030702,1600,21.5722,22.2296,21.3830,22.1200,74291504
INTC,20030703,1600,21.8790,22.2176,21.6200,21.6300,40502400
INTC,20030707,1600,22.1429,22.8797,22.0732,22.8100,56553100
INTC,20030708,1600,22.7314,23.2989,22.5721,23.0500,64980800
INTC,20030709,1600,23.2008,23.8878,23.1510,23.3800,78521904
INTC,20030710,1600,22.9693,23.1983,22.5113,22.8100,63261600
INTC,20030711,1600,23.1902,23.3993,22.9712,23.2400,46535400
INTC,20030714,1600,24.1690,24.4777,23.7507,23.9200,76909400
INTC,20030715,1600,24.3386,24.6672,23.5718,24.0000,102323696
INTC,20030716,1600,25.1303,25.3892,24.7121,25.2000,128925696
INTC,20030717,1600,24.5910,24.9993,24.5013,24.8300,71736800
INTC,20030718,1600,24.9982,25.0480,24.0521,24.5600,65296900
INTC,20030721,1600,24.4978,24.5276,23.8505,23.9600,52851200
INTC,20030722,1600,24.2901,24.4295,23.9515,24.3200,61074300
INTC,20030723,1600,24.2718,24.7996,24.1622,24.7100,49058200
INTC,20030724,1600,25.0451,25.0650,23.8501,23.8700,58119100
INTC,20030725,1600,24.0730,24.8399,23.6347,24.8100,52627700
INTC,20030728,1600,24.8194,25.0285,24.5106,24.6600,45462200
INTC,20030729,1600,24.7104,25.1287,24.6008,24.8000,68217600
INTC,20030730,1600,24.7585,24.7684,24.1809,24.3900,40786200
INTC,20030731,1600,24.7004,25.2482,24.5808,24.7900,68692096
INTC,20030801,1600,24.6810,24.9698,24.6312,24.9200,48494900
INTC,20030804,1600,24.8010,25.1196,24.2832,25.0200,53570000
INTC,20030805,1600,25.0372,25.0372,24.1501,24.1900,51979800
INTC,20030806,1600,24.0201,24.4686,23.7311,24.0600,57799000
INTC,20030807,1600,23.8602,24.2190,23.7804,23.9100,48517800
INTC,20030808,1600,24.0681,24.1378,23.2508,23.5000,57453600
INTC,20030811,1600,23.5409,24.0492,23.5011,23.8200,41624600
INTC,20030812,1600,24.0109,24.3199,23.7418,24.2900,48475100
INTC,20030813,1600,24.4207,24.9191,24.2213,24.6300,51882500
INTC,20030814,1600,24.7112,25.0799,24.4621,25.0500,51830000
INTC,20030815,1600,25.0099,25.1694,24.7308,24.9700,21622800
INTC,20030818,1600,25.0137,26.1399,24.9639,26.1000,59081000
INTC,20030819,1600,26.2803,26.4498,25.8319,26.3800,55966300
INTC,20030820,1600,26.0508,26.6487,26.0408,26.2700,47210300
INTC,20030821,1600,26.5990,26.6887,25.9213,26.3000,66434900
INTC,20030822,1600,28.0675,28.9446,27.2302,27.3000,120604096
INTC,20030825,1600,27.4689,27.6683,26.9806,27.1500,52037500
INTC,20030826,1600,26.8724,27.6499,26.5933,27.6200,65213400
INTC,20030827,1600,27.5213,27.9898,27.3319,27.9300,58217200
INTC,20030828,1600,28.0007,28.2498,27.7516,28.2000,48631600
INTC,20030829,1600,28.0814,28.5498,27.9419,28.4900,41986600
INTC,20030902,1600,28.6699,28.7397,28.0720,28.6400,58841200
INTC,20030903,1600,28.8374,28.8673,27.9406,28.1200,60714800
INTC,20030904,1600,28.2210,28.6395,27.9420,28.5000,63744700
INTC,20030905,1600,28.7296,28.9986,28.2712,28.6100,68429904
INTC,20030908,1600,28.7810,29.0999,28.7013,29.0800,52154000
INTC,20030909,1600,28.8993,29.0288,28.5605,28.6900,49792900
INTC,20030910,1600,28.3475,28.3973,27.5401,27.5700,57999300
INTC,20030911,1600,27.5313,28.2590,27.2024,27.9400,56654900
INTC,20030912,1600,27.7119,28.2898,27.4528,28.2400,51931600
INTC,20030915,1600,28.2389,28.3585,27.8203,27.9000,36350400
INTC,20030916,1600,27.9829,28.8897,27.9231,28.8100,48748000
INTC,20030917,1600,28.8398,29.2783,28.6704,28.7800,52827300
INTC,20030918,1600,28.5916,29.1796,28.3624,29.0600,46619000
INTC,20030919,1600,29.1996,29.2593,28.7312,29.0700,53550300
INTC,20030922,1600,28.4997,28.6691,28.1011,28.4200,48490600
INTC,20030923,1600,28.4115,28.8998,28.3218,28.8400,43934300
INTC,20030924,1600,28.8064,28.9060,27.6501,27.6900,59596400
INTC,20030925,1600,27.8484,28.2570,27.3102,27.3600,57560700
INTC,20030926,1600,27.4092,27.7481,27.1302,27.1800,68682000
INTC,20030929,1600,27.4529,28.2999,27.3732,28.2700,65800400
INTC,20030930,1600,28.0779,28.0779,27.3503,27.4300,63410200
INTC,20031001,1600,27.7228,28.6297,27.7129,28.5300,59519900
INTC,20031002,1600,28.4801,28.8488,28.3107,28.5200,42385100
INTC,20031003,1600,29.1711,29.6994,29.1014,29.5100,66635500
INTC,20031006,1600,29.5796,29.6992,29.2806,29.4600,28955800
INTC,20031007,1600,29.1822,29.8899,29.0527,29.8500,47943100
INTC,20031008,1600,29.8192,29.8989,29.4006,29.5700,41147400
INTC,20031009,1600,29.6102,30.2879,29.3810,29.6700,76072800
INTC,20031010,1600,30.0609,30.3898,29.9911,30.3300,46206700
INTC,20031013,1600,30.6103,30.8395,30.3810,30.7000,41697500
INTC,20031014,1600,30.6810,30.9899,30.4219,30.9700,66909700
INTC,20031015,1600,32.6565,32.6665,31.5105,31.6500,110833696
INTC,20031016,1600,31.3925,32.1499,31.2928,32.1200,55199000
INTC,20031017,1600,32.1579,32.2775,31.4603,31.5500,52536500
INTC,20031020,1600,31.5019,32.0998,31.4521,32.0500,43090700
INTC,20031021,1600,32.1695,32.2193,31.9004,32.0100,50250800
INTC,20031022,1600,31.6591,32.3866,31.3004,31.4100,49873700
INTC,20031023,1600,30.8111,31.2794,30.7812,31.1100,48215300
INTC,20031024,1600,30.8504,31.0696,30.2525,30.9700,55915500
INTC,20031027,1600,31.1406,31.4395,31.1306,31.3100,37237300
INTC,20031028,1600,31.5335,32.6298,31.4537,32.5600,57041700
INTC,20031029,1600,32.4010,32.8096,32.3212,32.6900,47727900
INTC,20031030,1600,32.9694,33.1687,32.7202,32.7800,55581700
INTC,20031031,1600,32.8201,33.0194,32.6606,32.8400,39557700
INTC,20031103,1600,33.2125,33.9898,33.0331,33.9200,53324900
INTC,20031104,1600,33.7992,33.8890,33.4604,33.5700,42009400
INTC,20031105,1600,33.5802,33.7896,33.1513,33.6500,45615300
INTC,20031106,1600,33.8006,34.1197,33.3420,34.0200,42140200
INTC,20031107,1600,34.3285,34.4183,33.6503,33.7800,48461500
INTC,20031110,1600,33.9183,34.0480,33.1404,33.3000,54424600
INTC,20031111,1600,33.1604,33.3499,33.0208,33.3200,41184300
INTC,20031112,1600,33.4716,34.1894,33.4117,34.0000,49291000
INTC,20031113,1600,33.8097,33.8994,33.3409,33.6900,52569600
INTC,20031114,1600,33.7471,33.8868,32.6103,32.7100,59409400
INTC,20031117,1600,32.3095,32.4890,31.5716,32.1400,64927100
INTC,20031118,1600,32.4181,32.5378,31.7201,31.7500,57338800
INTC,20031119,1600,31.8217,32.5198,31.6322,32.4300,47996500
INTC,20031120,1600,32.1588,32.6973,31.6702,31.7400,59523800
INTC,20031121,1600,32.0904,32.2799,31.8411,32.2300,45646200
INTC,20031124,1600,32.4126,33.3999,32.4126,33.3700,45783200
INTC,20031125,1600,33.3390,33.6482,32.9601,32.9800,38861700
INTC,20031126,1600,33.3099,33.5093,32.8012,33.2600,42781700
INTC,20031128,1600,33.0511,33.5398,33.0411,33.4500,13253800
INTC,20031201,1600,33.7206,34.0397,33.4215,33.9400,47063000
INTC,20031202,1600,34.0991,34.3085,33.7201,33.7600,41987300
INTC,20031203,1600,33.9780,34.2473,33.1602,33.2500,49743600
INTC,20031204,1600,33.4001,33.6195,32.7619,33.4500,61217300
INTC,20031205,1600,32.3690,32.6382,31.9103,32.0100,66215400
INTC,20031208,1600,31.8392,32.1982,31.2409,31.5500,66864300
INTC,20031209,1600,31.7757,31.8456,30.0304,30.1700,81626304
INTC,20031210,1600,30.2203,30.4098,29.5820,30.3400,81153696
INTC,20031211,1600,30.4112,30.8998,30.2417,30.8200,56879100
INTC,20031212,1600,31.0392,31.0891,30.4011,30.7700,48042500
INTC,20031215,1600,31.4167,31.4466,30.0204,30.1600,60872700
INTC,20031216,1600,30.1501,30.3695,29.6315,30.1800,56367000
INTC,20031217,1600,30.2097,30.4889,29.8806,30.0900,57924100
INTC,20031218,1600,30.2217,30.8997,30.2018,30.8100,52707200
INTC,20031219,1600,30.8988,31.0583,30.2706,30.4800,55145700
INTC,20031222,1600,30.3101,30.7090,30.0907,30.3400,33894800
INTC,20031223,1600,30.4118,31.0499,30.2821,31.0200,37282300
INTC,20031224,1600,30.9800,31.1695,30.8105,30.9900,15596500
INTC,20031226,1600,31.0905,31.4495,31.0506,31.2700,11868800
INTC,20031229,1600,31.4517,32.1198,31.4218,32.0600,36514900
INTC,20031230,1600,32.1395,32.2791,31.8503,31.9500,31563100
INTC,20031231,1600,32.1495,32.3988,31.8204,31.9600,32092800
INTC,20040102,1600,32.2694,32.5088,31.9404,32.0700,37343200
INTC,20040105,1600,32.4311,32.8798,32.3114,32.8200,42611900
INTC,20040106,1600,32.8299,32.9097,32.5308,32.8100,38007600
INTC,20040107,1600,33.2417,33.9100,33.1320,33.9000,63665000
INTC,20040108,1600,34.0702,34.2497,33.8010,34.1400,50596000
INTC,20040109,1600,33.7404,34.5083,33.7105,33.8800,56841100
INTC,20040112,1600,34.1696,34.2295,33.7608,34.0500,50664500
INTC,20040113,1600,34.2380,34.2979,33.1709,33.5000,68191904
INTC,20040114,1600,33.6989,33.7588,33.0507,33.3000,75452000
INTC,20040115,1600,32.6210,33.3190,32.5811,32.9700,82565000
INTC,20040116,1600,33.2787,33.2887,32.5906,32.8000,54502900
INTC,20040120,1600,32.8990,32.9688,32.1909,32.5200,47694300
INTC,20040121,1600,32.1499,32.2097,31.7311,32.1100,56228700
INTC,20040122,1600,32.1782,32.2679,31.5001,31.5400,51950200
INTC,20040123,1600,31.8096,31.9193,31.3908,31.6600,45845000
INTC,20040126,1600,31.6120,32.3998,31.6120,32.3400,41329300
INTC,20040127,1600,32.2081,32.2580,31.5101,31.5400,51436200
INTC,20040128,1600,31.7886,32.1076,31.0806,31.2900,61499400
INTC,20040129,1600,31.4680,31.4680,30.4311,30.8000,84928896
INTC,20040130,1600,30.7889,30.8986,30.2605,30.4300,64192400
INTC,20040202,1600,30.8185,30.8683,30.1303,30.2400,65039500
INTC,20040203,1600,30.3528,31.3399,30.2331,31.3100,62375400
INTC,20040204,1600,30.8985,30.9484,29.9600,29.9700,79361904
INTC,20040205,1600,30.2993,30.3891,29.7003,29.8700,74618704
INTC,20040206,1600,30.0013,30.8899,29.9414,30.8300,55401000
INTC,20040209,1600,31.0491,31.0491,30.4301,30.5200,36540300
INTC,20040210,1600,30.6298,30.8594,30.2803,30.4900,36344100
INTC,20040211,1600,30.8202,31.1097,30.4807,30.9400,52150100
INTC,20040212,1600,30.8997,31.3290,30.6700,30.6900,38205500
INTC,20040213,1600,30.9486,31.1383,29.8105,30.0900,63292500
INTC,20040217,1600,30.3307,30.8399,30.1610,30.7600,40220700
INTC,20040218,1600,30.7896,30.9094,30.4901,30.5500,42232600
INTC,20040219,1600,30.8882,31.0480,29.8001,29.8400,60100700
INTC,20040220,1600,30.0399,30.0498,29.4508,29.9500,70620304
INTC,20040223,1600,29.9486,29.9886,28.6105,28.9600,92175800
INTC,20040224,1600,28.7605,29.3897,28.7306,29.1600,68433000
INTC,20040225,1600,29.3803,29.7197,29.2505,29.5700,54661900
INTC,20040226,1600,29.4999,29.8295,29.3102,29.4600,45906300
INTC,20040227,1600,29.6593,29.6893,29.0601,29.1600,58987700
INTC,20040301,1600,28.9911,29.6999,28.8014,29.6400,65372800
INTC,20040302,1600,29.6997,30.0891,29.5101,29.5500,65223700
INTC,20040303,1600,29.5193,29.6191,28.8003,29.0000,68249000
INTC,20040304,1600,29.0210,29.6499,29.0010,29.6000,60135800
INTC,20040305,1600,28.9200,29.3394,28.7302,28.9100,118682400
INTC,20040308,1600,29.0180,29.0580,27.5801,27.6600,105763200
INTC,20040309,1600,27.7103,28.0598,27.4807,27.9400,92538800
INTC,20040310,1600,27.9989,28.2086,27.1302,27.2700,88033104
INTC,20040311,1600,27.0500,27.7490,27.0001,27.0400,97958600
INTC,20040312,1600,27.4603,27.6899,27.3205,27.6500,56526800
INTC,20040315,1600,27.5293,27.5493,26.9901,27.0600,54857000
INTC,20040316,1600,27.2798,27.4695,26.6806,27.1200,67306496
INTC,20040317,1600,27.4005,27.8598,27.2907,27.7500,55548300
INTC,20040318,1600,27.6992,27.7691,27.0701,27.1600,70686096
INTC,20040319,1600,27.0092,27.3287,26.3402,26.4500,83734496
INTC,20040322,1600,26.2200,26.4496,25.9903,26.1900,73006200
INTC,20040323,1600,26.4595,26.6592,26.0601,26.1200,70217696
INTC,20040324,1600,26.1805,26.8295,26.1206,26.4900,69501200
INTC,20040325,1600,26.8613,27.7600,26.8213,27.7500,84754400
INTC,20040326,1600,27.7394,27.8093,27.2801,27.3400,65644100
INTC,20040329,1600,27.6101,27.9096,27.4603,27.6500,66249300
INTC,20040330,1600,27.3900,27.4998,27.0605,27.3900,62191000
INTC,20040331,1600,27.3797,27.4296,26.9803,27.1600,57809100
INTC,20040401,1600,27.3300,27.7394,27.2401,27.3400,55051700
INTC,20040402,1600,27.9602,28.0800,27.6107,28.0800,78672000
INTC,20040405,1600,28.2604,28.5200,28.0806,28.5100,47534500
INTC,20040406,1600,28.2100,28.4097,28.0003,28.2300,70147800
INTC,20040407,1600,28.0393,28.0893,27.4402,27.5800,72680200
INTC,20040408,1600,28.0390,28.0989,27.1602,27.3300,71791400
INTC,20040412,1600,27.6599,27.7298,27.1905,27.5600,51016700
INTC,20040413,1600,27.8297,27.8397,27.4003,27.6300,83164704
INTC,20040414,1600,27.1702,27.5696,27.0904,27.3300,79211504
INTC,20040415,1600,27.3689,27.3789,26.5301,26.6200,90498896
INTC,20040416,1600,26.7195,26.7794,26.2203,26.4100,63905000
INTC,20040419,1600,26.3704,26.6999,26.2606,26.6400,51522500
INTC,20040420,1600,26.6490,26.8687,25.9901,26.0300,50610200
INTC,20040421,1600,26.0902,26.4597,25.7907,26.2400,61959800
INTC,20040422,1600,25.9308,26.7097,25.8110,26.4800,65165300
INTC,20040423,1600,26.7611,27.5299,26.6113,27.4900,65204700
INTC,20040426,1600,27.4994,27.5394,26.8704,27.1100,56761000
INTC,20040427,1600,27.1895,27.2494,26.8300,26.8400,53607000
INTC,20040428,1600,26.6395,27.0189,26.2401,26.3100,61432500
INTC,20040429,1600,26.3895,26.6891,25.7705,26.0900,76355504
INTC,20040430,1600,26.1792,26.3090,25.6800,25.6900,71322000
INTC,20040503,1600,26.0100,26.3095,25.5707,26.0000,61588700
INTC,20040504,1600,26.2799,26.5895,25.9105,26.2400,60991900
INTC,20040505,1600,26.4300,26.5800,26.0100,26.2000,41486800
INTC,20040506,1600,25.9500,26.1300,25.7800,25.9800,54146840
INTC,20040507,1600,25.9600,26.8300,25.9270,26.4700,69611792
INTC,20040510,1600,26.3400,26.6700,26.1400,26.5500,71553824
INTC,20040511,1600,26.8800,27.7800,26.7900,27.7700,82414680
INTC,20040512,1600,27.6100,27.7700,26.8200,27.5700,80685952
INTC,20040513,1600,27.4700,27.6100,27.1000,27.4600,48743224
INTC,20040514,1600,27.3900,27.4900,26.9100,27.0400,51872800
INTC,20040517,1600,26.5200,27.3000,26.4400,26.8400,64859800
INTC,20040518,1600,27.2000,27.4700,27.0600,27.1500,55177200
INTC,20040519,1600,27.6100,27.9500,27.1100,27.1100,77032600
INTC,20040520,1600,27.3200,27.6200,27.2300,27.4100,52381300
INTC,20040521,1600,27.7300,27.7500,27.3500,27.5500,46798400
INTC,20040524,1600,27.8100,27.9200,27.5600,27.7400,45718100
INTC,20040525,1600,27.6500,28.3100,27.4800,28.1000,65523400
INTC,20040526,1600,28.0600,28.4800,27.9900,28.3700,50431600
INTC,20040527,1600,28.4900,28.5400,28.1800,28.4500,55379500
INTC,20040528,1600,28.5200,28.9800,28.4900,28.5500,48045200
INTC,20040601,1600,28.3700,28.7200,28.0800,28.3300,51164300
INTC,20040602,1600,28.3700,28.4200,27.8900,28.0100,49714280
INTC,20040603,1600,27.8510,27.9000,27.3600,27.4100,56527704
INTC,20040604,1600,28.4000,28.5000,28.0300,28.1400,62264312
INTC,20040607,1600,28.4200,28.7700,28.2300,28.7500,37503328
INTC,20040608,1600,28.5100,29.0100,28.4300,28.9900,48126788
INTC,20040609,1600,28.7700,28.8500,28.3800,28.4000,46170128
INTC,20040610,1600,28.5300,28.6800,28.3600,28.6400,42510988
INTC,20040614,1600,28.2800,28.3500,27.8500,27.9900,37877852
INTC,20040615,1600,28.2700,28.6500,28.1600,28.4300,47047556
INTC,20040616,1600,28.3600,28.3900,28.1500,28.1900,20373574
INTC,20040617,1600,27.9800,28.0400,27.5900,27.6300,39088256
INTC,20040618,1600,27.4900,27.9000,27.3400,27.6400,52501132
INTC,20040621,1600,27.8300,28.2100,27.5000,27.5200,43545064
INTC,20040622,1600,27.6200,28.0900,27.4600,28.0400,47250748
INTC,20040623,1600,28.0500,28.5600,27.8600,28.5200,51878204
INTC,20040624,1600,28.4700,28.6000,27.8800,27.9500,55063820
INTC,20040625,1600,27.7500,28.1000,27.1250,27.7800,70646896
INTC,20040628,1600,27.9110,27.9700,27.2300,27.3800,51745548
INTC,20040629,1600,27.2700,27.6200,27.1500,27.6000,52668808
INTC,20040630,1600,27.6900,27.9000,27.3200,27.6000,50606084
INTC,20040701,1600,27.4000,27.4800,26.6900,27.0200,69074176
INTC,20040702,1600,26.8300,26.8600,26.2500,26.3300,46758300
INTC,20040706,1600,26.0200,26.2800,25.6800,26.1100,60479300
INTC,20040707,1600,26.1200,26.5800,26.0600,26.3400,45929920
INTC,20040708,1600,26.2700,26.5500,26.1300,26.2200,47125200
INTC,20040709,1600,26.4500,26.7300,26.3900,26.5700,38190800
INTC,20040712,1600,26.0800,26.3200,25.6800,26.2400,59675024
INTC,20040713,1600,26.3500,26.4900,26.0500,26.1400,78670808
INTC,20040714,1600,24.1000,24.1700,23.2500,23.3800,283634848
INTC,20040715,1600,23.4700,23.5700,23.1400,23.1500,95340104
INTC,20040716,1600,23.4300,23.4700,22.6500,22.7300,85396336
INTC,20040719,1600,22.8590,23.2500,22.7600,22.9100,59011564
INTC,20040720,1600,22.9700,23.2700,22.9600,23.2400,57015632
INTC,20040721,1600,23.5000,23.5200,22.5100,22.5600,72237896
INTC,20040722,1600,22.4800,23.4900,22.4600,23.2700,75064704
INTC,20040723,1600,23.0400,23.1600,22.6300,22.6700,75635600
INTC,20040726,1600,22.8600,23.0900,22.6600,22.9700,81010800
INTC,20040727,1600,23.2000,23.4400,22.9800,23.2700,87134704
INTC,20040728,1600,23.1400,23.5600,22.8200,23.4600,78925312
INTC,20040729,1600,23.6900,24.4500,23.6200,24.2410,104214600
INTC,20040730,1600,23.8900,24.6400,23.8500,24.3800,83598376
INTC,20040802,1600,24.0300,24.9400,23.9400,24.9000,67147696
INTC,20040803,1600,24.7800,24.9900,24.1100,24.1700,59735916
INTC,20040804,1600,24.0400,24.2700,23.7000,23.9200,38411796
INTC,20040805,1600,24.0600,24.2110,23.2500,23.6700,55783164
INTC,20040806,1600,23.2400,23.4700,22.6899,22.7700,56155496
INTC,20040809,1600,22.9200,22.9900,22.5300,22.5700,44145336
INTC,20040810,1600,22.6700,22.7300,22.4100,22.5500,12961942
INTC,20040811,1600,22.1600,22.2600,21.8100,22.1600,60898200
INTC,20040812,1600,21.9500,22.0500,21.1900,21.2400,70257800
INTC,20040813,1600,21.5000,21.6600,21.0300,21.5600,71215296
INTC,20040816,1600,21.5700,21.9200,21.3400,21.4200,59703500
INTC,20040817,1600,21.6800,21.8600,21.4900,21.5090,57637480
INTC,20040818,1600,21.4000,22.2400,21.3700,22.2200,61340100
INTC,20040819,1600,22.1700,22.2700,21.7400,22.0100,57308500
INTC,20040820,1600,21.9200,21.9500,21.6100,21.6200,58080900
INTC,20040823,1600,21.8200,22.1000,21.7600,21.8900,50437200
INTC,20040824,1600,22.1800,22.2000,21.5600,21.6700,52267600
INTC,20040825,1600,21.6900,22.1300,21.5300,21.9500,60583200
INTC,20040826,1600,21.8600,21.9100,21.7000,21.7700,44164900
INTC,20040827,1600,21.8600,22.2700,21.8200,22.0200,47383800
INTC,20040830,1600,21.9900,22.0400,21.5700,21.6000,43057032
INTC,20040831,1600,21.4000,21.4900,20.8600,21.2900,79105512
INTC,20040901,1600,21.1000,21.7000,21.0300,21.5680,32728780
INTC,20040902,1600,21.4200,21.7200,21.2600,21.6300,72525752
INTC,20040903,1600,19.9500,20.1800,19.8500,20.0500,172245632
INTC,20040907,1600,20.2300,20.2500,19.7300,19.8900,77890096
INTC,20040908,1600,19.8900,20.0600,19.6906,19.7600,56984104
INTC,20040909,1600,19.9000,20.3300,19.7100,20.1700,95678992
INTC,20040910,1600,20.2100,20.7000,19.9800,20.5700,67196304
INTC,20040913,1600,20.7700,21.1800,20.6000,20.8000,81674096
INTC,20040914,1600,20.8300,20.9600,20.5500,20.7700,52849200
INTC,20040915,1600,20.5700,20.6200,20.2800,20.2900,25044154
INTC,20040916,1600,20.4900,20.6000,20.0700,20.1100,57774320
INTC,20040917,1600,20.2900,20.6200,19.9000,20.5900,93816896
INTC,20040920,1600,20.4700,21.2500,20.4500,20.9200,74890496
INTC,20040921,1600,21.1500,21.3500,20.9800,21.0800,59361756
INTC,20040922,1600,21.0000,21.0500,20.4200,20.4200,62599600
INTC,20040923,1600,20.4700,20.6100,20.2700,20.3800,68326096
INTC,20040924,1600,20.4500,20.7000,20.0700,20.1300,62089700
INTC,20040927,1600,19.9700,20.4200,19.8500,19.9200,56423800
INTC,20040928,1600,20.0900,20.3500,19.6400,19.6800,78060400
INTC,20040929,1600,19.7700,20.2600,19.7200,20.0700,63569000
INTC,20040930,1600,20.1700,20.3800,19.8300,20.0600,72528600
INTC,20041001,1600,20.3000,20.9200,20.2300,20.8500,73823504
INTC,20041004,1600,21.1800,21.3500,20.8500,21.1300,74361632
INTC,20041005,1600,21.0400,21.4800,20.9800,21.3200,72053696
INTC,20041006,1600,21.1700,21.3000,20.9400,21.1300,57720900
INTC,20041007,1600,21.1100,21.5700,21.0900,21.2400,74716704
INTC,20041008,1600,21.0500,21.2700,20.4900,20.5500,67165504
INTC,20041011,1600,20.6800,20.8400,20.3100,20.6100,49603700
INTC,20041012,1600,20.3200,20.5200,20.2200,20.2800,78499600
INTC,20041013,1600,21.3600,21.5300,20.8600,20.9900,149009696
INTC,20041014,1600,20.9800,21.0500,20.4500,20.5100,83884096
INTC,20041015,1600,20.6700,20.8300,20.3800,20.6100,69746896
INTC,20041018,1600,20.5550,20.8000,20.3500,20.7900,60563040
INTC,20041019,1600,21.0700,21.3100,20.7900,21.1600,37297040
INTC,20041020,1600,20.7400,21.4300,20.7300,21.3600,47448340
INTC,20041021,1600,21.6500,21.9100,21.4100,21.6900,76633528
INTC,20041022,1600,21.6400,21.7700,21.2600,21.3000,58136500
INTC,20041025,1600,21.2200,21.5500,21.2200,21.3100,60217200
INTC,20041026,1600,21.3910,21.4600,21.2000,21.4000,58996572
INTC,20041027,1600,21.3500,22.2200,21.3100,22.0000,64109292
INTC,20041028,1600,21.9700,22.4700,21.9400,22.4700,47087188
INTC,20041029,1600,22.3300,22.5000,22.1700,22.2600,62662576
INTC,20041101,1600,22.1800,22.4900,22.1500,22.4400,49920360
INTC,20041102,1600,22.3500,22.8300,22.2600,22.6100,70897304
INTC,20041103,1600,23.0000,23.1200,22.4100,22.6700,85214048
INTC,20041104,1600,22.5300,22.8800,22.4800,22.8800,61204656
INTC,20041105,1600,23.1900,23.3800,23.1200,23.3600,73276096
INTC,20041108,1600,23.2250,23.4100,23.1199,23.2300,51268768
INTC,20041109,1600,23.2000,23.2500,22.9800,23.1100,35791124
INTC,20041110,1600,22.6093,22.7376,22.2442,22.5600,88258000
INTC,20041111,1600,22.7318,22.9687,22.5936,22.8700,67583104
INTC,20041112,1600,23.0148,23.4491,22.5806,23.3800,92808704
INTC,20041115,1600,23.2527,23.4797,23.1047,23.4600,66704100
INTC,20041116,1600,23.3227,23.5695,23.1549,23.5300,61415500
INTC,20041117,1600,23.6743,24.2171,23.6447,24.0000,80856096
INTC,20041118,1600,23.9372,24.6575,23.8879,24.4700,66373900
INTC,20041119,1600,24.3531,24.4025,23.7907,23.8400,80311000
INTC,20041122,1600,23.6419,23.7997,23.5037,23.7800,58668000
INTC,20041123,1600,23.4152,23.6126,22.8429,23.0600,92066600
INTC,20041124,1600,23.2309,23.3691,23.0039,23.3000,52012100
INTC,20041126,1600,23.0776,23.3045,22.8704,22.9000,23031100
INTC,20041129,1600,22.9969,23.2930,22.4738,22.7600,66808800
INTC,20041130,1600,22.7414,22.7908,22.0604,22.0900,88946000
INTC,20041201,1600,22.2078,22.8000,22.1584,22.8000,84149400
INTC,20041202,1600,22.8047,23.0909,22.3311,22.4100,109438600
INTC,20041203,1600,24.1133,24.1824,23.5901,23.6000,142326304
INTC,20041206,1600,23.6012,23.8676,23.3940,23.6900,63400700
INTC,20041207,1600,23.6535,23.9298,23.1503,23.1700,68931000
INTC,20041208,1600,23.1837,23.2134,22.7001,22.7100,78960304
INTC,20041209,1600,22.5192,22.8054,22.2528,22.4600,112089696
INTC,20041210,1600,22.3685,22.5955,22.2008,22.2600,73460096
INTC,20041213,1600,22.3596,22.5076,22.1425,22.3300,57206500
INTC,20041214,1600,22.6143,22.9892,22.5452,22.9300,76379904
INTC,20041215,1600,22.9683,23.1559,22.7512,22.8400,64347800
INTC,20041216,1600,22.7082,23.0733,22.5207,22.5700,63974700
INTC,20041217,1600,22.4503,22.7957,22.2134,22.4700,93531696
INTC,20041220,1600,22.4987,22.7750,22.3605,22.4000,50719500
INTC,20041221,1600,22.7557,23.1899,22.6767,23.1800,67182000
INTC,20041222,1600,23.1499,23.4952,23.0709,23.1400,55746800
INTC,20041223,1600,23.0820,23.2892,23.0425,23.2300,35032100
INTC,20041227,1600,23.3363,23.3856,22.9416,23.0600,38878600
INTC,20041228,1600,23.0489,23.2265,22.9404,22.9700,41466900
INTC,20041229,1600,22.8512,23.2261,22.8216,22.9400,48375600
INTC,20041230,1600,22.9203,23.1176,22.8611,22.9400,32584800
INTC,20041231,1600,23.0405,23.1787,22.9320,23.0800,31951800
INTC,20050103,1600,23.3326,23.4806,22.7503,22.7700,64246900
INTC,20050104,1600,22.8823,22.9020,22.0534,22.3100,93729104
INTC,20050105,1600,22.1790,22.4849,22.0803,22.1000,73848800
INTC,20050106,1600,22.2784,22.4264,22.1107,22.1600,63440900
INTC,20050107,1600,22.4309,22.6283,22.1743,22.5000,82523000
INTC,20050110,1600,22.6096,22.7182,22.4517,22.5800,65393900
INTC,20050111,1600,22.4077,22.4768,22.1019,22.2400,114083400
INTC,20050112,1600,22.9192,23.0278,22.5738,22.8600,143219696
INTC,20050113,1600,22.8062,22.9049,22.4509,22.5200,73856600
INTC,20050114,1600,22.6608,22.8286,22.6016,22.7200,65148200
INTC,20050118,1600,22.5709,22.6499,22.3439,22.6400,63728200
INTC,20050119,1600,22.6552,22.6651,22.2507,22.3000,71776896
INTC,20050120,1600,22.2208,22.5267,22.1024,22.2800,68547104
INTC,20050121,1600,22.2779,22.4061,22.0805,22.1200,80971200
INTC,20050124,1600,22.1934,22.2427,21.6013,21.7000,83759504
INTC,20050125,1600,21.9305,22.2464,21.8812,21.9700,94826800
INTC,20050126,1600,22.1891,22.2877,22.0016,22.1200,69891504
INTC,20050127,1600,22.0891,22.2273,21.8818,22.0200,78986896
INTC,20050128,1600,22.0586,22.2757,21.7921,21.9500,76572304
INTC,20050131,1600,22.1500,22.2487,21.9724,22.1500,60540400
INTC,20050201,1600,22.1919,22.4484,22.0932,22.3300,67031800
INTC,20050202,1600,22.3589,22.4576,22.2011,22.2800,73565400
INTC,20050203,1600,22.2689,22.4174,21.9521,22.1600,60735900
INTC,20050204,1600,22.1659,22.7998,22.1560,22.7800,67594800
INTC,20050207,1600,22.7098,22.9574,22.6603,22.6900,53757300
INTC,20050208,1600,22.7245,23.2691,22.7047,23.1800,85233696
INTC,20050209,1600,23.1989,23.2583,22.9413,23.0800,69909504
INTC,20050210,1600,23.2106,23.3591,22.9927,23.2700,74162704
INTC,20050211,1600,23.0089,24.1084,22.9594,23.9400,101956896
INTC,20050214,1600,23.8126,24.1592,23.7729,24.0800,59197400
INTC,20050215,1600,23.9527,24.3884,23.9230,24.2300,80599696
INTC,20050216,1600,24.0784,24.1675,23.9001,23.9100,85307400
INTC,20050217,1600,23.9645,24.0833,23.3208,23.4000,80239800
INTC,20050218,1600,23.4434,23.8494,23.4136,23.7900,58126700
INTC,20050222,1600,23.5399,24.1737,23.4112,23.5300,80059696
INTC,20050223,1600,23.6942,23.7041,22.8325,23.0900,92071904
INTC,20050224,1600,23.0838,23.4898,22.9253,23.4700,78619296
INTC,20050225,1600,23.4341,23.8897,23.3450,23.8600,73552200
INTC,20050228,1600,23.9284,24.2552,23.6312,23.7600,78925000
INTC,20050301,1600,24.1225,24.5186,24.0928,24.3800,84308400
INTC,20050302,1600,24.1612,24.5573,24.1117,24.2800,78910096
INTC,20050303,1600,24.2600,24.3590,23.9926,24.2600,85790704
INTC,20050304,1600,24.4598,24.7668,24.2518,24.4400,66040200
INTC,20050307,1600,24.4441,25.2266,24.3154,24.8700,88515000
INTC,20050308,1600,24.7284,25.1839,24.5402,24.5600,55791600
INTC,20050309,1600,24.6297,24.9862,24.5109,24.6000,64168700
INTC,20050310,1600,24.6892,24.8774,24.1049,24.6100,81906000
INTC,20050311,1600,24.8218,24.8614,23.7719,23.9700,114213104
INTC,20050314,1600,24.0202,24.1985,23.8815,24.0400,45827400
INTC,20050315,1600,24.1155,24.1848,23.6005,23.6500,47097500
INTC,20050316,1600,23.3298,23.8051,23.2803,23.3100,59791000
INTC,20050317,1600,23.2790,23.4374,23.1206,23.1800,49047800
INTC,20050318,1600,23.3780,23.4275,23.1404,23.1800,62777800
INTC,20050321,1600,23.2304,23.4284,23.0224,23.2700,39608900
INTC,20050322,1600,23.3447,23.4339,22.7802,22.8000,49092300
INTC,20050323,1600,22.7936,23.2788,22.7342,23.1600,54286400
INTC,20050324,1600,23.2968,23.3859,22.9600,22.9600,34664000
INTC,20050328,1600,23.1196,23.4267,23.0503,23.0800,42922000
INTC,20050329,1600,23.1182,23.1776,22.8310,22.9300,53920200
INTC,20050330,1600,23.0521,23.3095,22.7748,23.2600,62360100
INTC,20050331,1600,23.2873,23.3171,22.9109,23.0100,41543800
INTC,20050401,1600,23.1168,23.2159,22.6811,22.7900,68253800
INTC,20050404,1600,22.8784,22.8883,22.4327,22.7100,60426700
INTC,20050405,1600,22.7812,23.0289,22.7515,22.9100,48086400
INTC,20050406,1600,22.9885,23.0875,22.7805,22.8300,53942200
INTC,20050407,1600,22.7938,23.1899,22.7938,23.1800,53264800
INTC,20050408,1600,23.1591,23.4761,23.0304,23.0700,45961000
INTC,20050411,1600,23.0783,23.1179,22.8307,22.9000,41972300
INTC,20050412,1600,22.9009,23.0297,22.4255,23.0000,84545904
INTC,20050413,1600,22.9169,22.9565,22.4812,22.6000,54061100
INTC,20050414,1600,22.5176,22.5770,22.2502,22.2700,68014000
INTC,20050415,1600,22.0091,22.2864,21.7317,21.9100,92484400
INTC,20050418,1600,22.0198,22.2774,21.8910,22.0000,53761600
INTC,20050419,1600,22.2912,22.4694,22.0832,22.4100,83774200
INTC,20050420,1600,23.1728,23.2124,22.4103,22.4400,110176600
INTC,20050421,1600,22.7537,23.1597,22.7042,23.1300,87063104
INTC,20050422,1600,23.0497,23.0893,22.8417,23.0200,65435600
INTC,20050425,1600,23.1008,23.3186,22.9820,23.1800,53857700
INTC,20050426,1600,23.0009,23.6643,22.9613,23.0900,71256496
INTC,20050427,1600,22.9532,23.3889,22.8740,23.2800,56785200
INTC,20050428,1600,23.1285,23.3959,22.9007,22.9700,57393400
INTC,20050429,1600,23.2009,23.3593,22.8345,23.2900,55078900
INTC,20050502,1600,23.2705,23.3398,23.1220,23.3200,41187800
INTC,20050503,1600,23.2336,23.6792,23.1940,23.6000,67738304
INTC,20050504,1600,23.6718,24.0494,23.5227,23.9600,62027600
INTC,20050505,1600,23.9808,24.3286,23.9510,24.1100,64257800
INTC,20050506,1600,24.2903,24.3499,24.1611,24.3400,54715400
INTC,20050509,1600,24.2525,24.6400,24.1830,24.6400,57982700
INTC,20050510,1600,24.4504,24.6690,24.0430,24.5100,59638900
INTC,20050511,1600,24.5802,24.6398,24.2026,24.6100,58065800
INTC,20050512,1600,24.6303,24.8886,23.8951,24.6800,82029504
INTC,20050513,1600,24.8408,25.1389,24.7414,24.9600,67874000
INTC,20050516,1600,24.9116,25.1899,24.8421,25.1700,45569200
INTC,20050517,1600,25.0133,25.5599,24.9934,25.5400,62302100
INTC,20050518,1600,25.5514,25.8694,25.4420,25.7700,68753504
INTC,20050519,1600,25.7804,25.8997,25.6512,25.8500,51994800
INTC,20050520,1600,25.7428,26.2197,25.6832,26.1800,53930700
INTC,20050523,1600,26.3300,26.4691,26.0419,26.3300,65404500
INTC,20050524,1600,26.2137,26.8099,26.1838,26.7900,76674096
INTC,20050525,1600,26.6511,26.8797,26.5319,26.8300,81197904
INTC,20050526,1600,26.9516,27.2199,26.9019,27.2000,59779000
INTC,20050527,1600,27.0113,27.2299,26.8920,27.2200,49826600
INTC,20050531,1600,27.0881,27.2074,26.7304,26.7900,62666000
INTC,20050601,1600,26.6331,27.3486,26.6132,27.1200,77530200
INTC,20050602,1600,27.0225,27.5691,27.0026,27.4200,54343400
INTC,20050603,1600,27.4780,27.5774,27.0805,27.1600,55343100
INTC,20050606,1600,27.2286,27.2683,26.7814,27.0000,47224400
INTC,20050607,1600,27.1272,27.2763,26.6900,26.6900,60604200
INTC,20050608,1600,26.9300,27.0294,26.7809,26.9300,42500000
INTC,20050609,1600,27.0430,27.5698,26.8840,27.5300,76005400
INTC,20050610,1600,27.3367,27.3367,26.6212,26.8100,74824000
INTC,20050613,1600,26.7406,26.9691,26.5716,26.8300,49858500
INTC,20050614,1600,26.7486,26.9771,26.5201,26.5300,37499600
INTC,20050615,1600,26.6905,26.8097,26.0844,26.7700,60011300
INTC,20050616,1600,26.8009,27.1289,26.6419,26.9500,51069500
INTC,20050617,1600,27.2183,27.4369,26.8904,26.9500,58919300
INTC,20050620,1600,26.7499,26.9983,26.5313,26.7300,35186800
INTC,20050621,1600,26.7417,27.0895,26.7019,27.0100,48227300
INTC,20050622,1600,27.1387,27.2381,26.8804,26.9400,32816100
INTC,20050623,1600,26.9776,27.3552,26.6000,26.6000,61673000
INTC,20050624,1600,26.6953,26.7252,25.8903,25.9400,63600500
INTC,20050627,1600,25.9882,26.0975,25.6602,25.7000,47178400
INTC,20050628,1600,25.6036,26.2693,25.5639,26.1600,55753700
INTC,20050629,1600,26.1297,26.2588,25.9310,26.0800,33784300
INTC,20050630,1600,26.2476,26.3271,25.8501,25.8600,45129600
INTC,20050701,1600,26.0599,26.1990,25.9307,26.0400,30414000
INTC,20050705,1600,25.9635,26.5895,25.9138,26.5100,42739100
INTC,20050706,1600,26.5486,26.8169,26.2903,26.3300,45479700
INTC,20050707,1600,26.1019,26.3900,25.9826,26.3900,45597400
INTC,20050708,1600,26.4740,27.1100,26.4144,27.1100,45807100
INTC,20050711,1600,27.2219,27.5300,27.1722,27.5300,45578400
INTC,20050712,1600,27.4607,27.6793,27.2521,27.5700,40837400
INTC,20050713,1600,27.5194,27.6287,27.3703,27.4200,44086700
INTC,20050714,1600,27.7199,27.9484,27.5510,27.7000,68554200
INTC,20050715,1600,27.7822,28.1498,27.6331,28.1200,43558000
INTC,20050718,1600,28.0301,28.1394,27.8215,28.0500,36667600
INTC,20050719,1600,28.4406,28.6592,28.2319,28.5300,90418200
INTC,20050720,1600,26.9222,27.2799,26.6837,27.2700,125881504
INTC,20050721,1600,27.3469,27.3668,26.8103,26.8600,62008800
INTC,20050722,1600,26.9874,27.0669,26.5800,26.5800,54527900
INTC,20050725,1600,26.6779,26.7375,26.2606,26.3500,49767600
INTC,20050726,1600,26.4915,26.8293,26.3623,26.7200,51978200
INTC,20050727,1600,26.6813,26.9596,26.4528,26.8900,48199200
INTC,20050728,1600,26.9017,27.2594,26.7924,27.1700,54438300
INTC,20050729,1600,27.1191,27.1687,26.9700,26.9700,41287900
INTC,20050801,1600,27.0692,27.2083,26.9301,26.9400,34737200
INTC,20050802,1600,27.0223,27.4596,26.9825,27.3900,40887400
INTC,20050803,1600,27.3806,27.5699,27.3606,27.5500,32677200
INTC,20050804,1600,27.3884,27.4582,26.9200,26.9200,45198700
INTC,20050805,1600,26.9292,26.9989,26.5405,26.6800,46185700
INTC,20050808,1600,26.7795,26.8891,25.9124,26.6200,27948300
INTC,20050809,1600,26.7103,27.0990,26.6505,26.8100,46902400
INTC,20050810,1600,26.8897,27.3282,26.7003,26.7900,61089200
INTC,20050811,1600,26.4310,26.7300,26.2715,26.7300,58664800
INTC,20050812,1600,26.3296,26.4592,26.0904,26.2200,63074500
INTC,20050815,1600,26.1609,26.5795,26.1410,26.4400,34077200
INTC,20050816,1600,26.0894,26.1890,25.8801,25.9100,57319000
INTC,20050817,1600,25.9701,26.0897,25.8605,26.0000,46718500
INTC,20050818,1600,25.8797,26.0092,25.7202,25.7900,37985700
INTC,20050819,1600,25.8490,25.8888,25.5201,25.5600,38310800
INTC,20050822,1600,25.6611,26.1394,25.6511,25.9700,39766100
INTC,20050823,1600,26.1183,26.1880,25.6200,25.6300,46010000
INTC,20050824,1600,25.5795,25.9980,25.4201,25.4400,47565800
INTC,20050825,1600,25.3800,25.5693,25.3301,25.3700,31624200
INTC,20050826,1600,25.3898,25.5093,25.2204,25.3200,37205900
INTC,20050829,1600,25.2713,25.7397,25.2314,25.6400,37652200
INTC,20050830,1600,25.5597,25.6095,25.3006,25.4800,41536900
INTC,20050831,1600,25.5403,25.6898,25.3709,25.6300,41497200
INTC,20050901,1600,25.4889,25.5387,25.1501,25.1700,49495400
INTC,20050902,1600,25.2896,25.3295,25.1103,25.1900,33334500
INTC,20050906,1600,25.3908,25.6499,25.3409,25.6100,37063400
INTC,20050907,1600,25.5401,25.6597,25.3807,25.5700,35810100
INTC,20050908,1600,25.5814,26.0299,25.5416,26.0000,55398500
INTC,20050909,1600,25.7579,25.7778,25.1002,25.1600,99695904
INTC,20050912,1600,25.2288,25.2288,24.8103,24.9000,50565500
INTC,20050913,1600,24.7701,25.0790,24.7602,24.8100,57202700
INTC,20050914,1600,24.8286,24.9582,24.3602,24.4100,59291600
INTC,20050915,1600,24.5298,24.6295,24.2507,24.4700,51583200
INTC,20050916,1600,24.6802,24.8396,24.6004,24.7300,72332800
INTC,20050919,1600,24.7196,24.7894,24.3707,24.6000,37848500
INTC,20050920,1600,24.6691,24.9681,24.3900,24.4000,41848200
INTC,20050921,1600,24.7390,24.7589,24.4001,24.4200,48989500
INTC,20050922,1600,24.4003,24.6594,24.2308,24.4800,42372800
INTC,20050923,1600,24.4495,24.4794,24.2701,24.3000,41386700
INTC,20050926,1600,24.3792,24.4191,24.0802,24.1400,52193800
INTC,20050927,1600,24.1586,24.3380,23.7201,23.7500,57300400
INTC,20050928,1600,23.8700,24.0893,23.7903,23.8700,68717504
INTC,20050929,1600,23.9116,24.4399,23.8418,24.4000,55900900
INTC,20050930,1600,24.3906,24.5999,24.3507,24.5700,37520600
INTC,20051003,1600,24.6595,24.8788,24.5001,24.5200,49168200
INTC,20051004,1600,24.5595,24.8386,24.3303,24.4200,52847800
INTC,20051005,1600,24.4684,24.5083,23.9900,23.9900,45711500
INTC,20051006,1600,24.0388,24.1584,23.4209,23.6800,61527000
INTC,20051007,1600,23.7699,23.8795,23.6603,23.7400,30718200
INTC,20051010,1600,23.7685,23.8084,23.2503,23.3400,38495300
INTC,20051011,1600,23.4397,23.4995,23.2104,23.3400,41646800
INTC,20051012,1600,23.0006,23.2098,22.7115,23.1600,77117904
INTC,20051013,1600,23.2496,23.3891,22.8310,23.1200,68060200
INTC,20051014,1600,23.1500,23.2098,22.9208,23.1500,44232300
INTC,20051017,1600,23.1010,23.3999,23.0412,23.3800,45289800
INTC,20051018,1600,23.5005,23.9091,23.4008,23.6400,78862600
INTC,20051019,1600,22.9124,23.6299,22.6732,23.6100,91423504
INTC,20051020,1600,23.5101,23.6995,23.3706,23.5400,62486500
INTC,20051021,1600,23.6779,23.7676,23.0501,23.0700,63304300
INTC,20051024,1600,23.1794,23.2392,22.8207,23.0200,53173300
INTC,20051025,1600,22.8606,23.2193,22.7510,23.0300,54626000
INTC,20051026,1600,22.9800,23.2192,22.9103,22.9900,51506100
INTC,20051027,1600,22.9593,23.1088,22.7500,22.7600,41690800
INTC,20051028,1600,22.9012,23.2899,22.7019,23.2500,55358800
INTC,20051031,1600,23.3602,23.6094,23.3403,23.4200,58127600
INTC,20051101,1600,23.0981,23.1878,22.4504,22.5700,84900704
INTC,20051102,1600,22.6622,23.3199,22.6223,23.2900,63804900
INTC,20051103,1600,23.5400,23.9800,23.5300,23.8900,63945100
INTC,20051104,1600,23.9800,24.0100,23.6600,23.9900,37057500
INTC,20051107,1600,24.0800,24.5500,23.9500,24.5000,49974300
INTC,20051108,1600,24.3800,24.6600,24.2100,24.5500,39967500
INTC,20051109,1600,24.5000,24.8600,24.4600,24.8000,39819700
INTC,20051110,1600,25.2100,25.3200,24.9200,25.2400,82211504
INTC,20051111,1600,25.3900,25.4500,25.0600,25.1300,40317600
INTC,20051114,1600,25.2000,25.4100,25.1700,25.3700,31035000
INTC,20051115,1600,25.1800,25.3600,25.0400,25.0800,37542700
INTC,20051116,1600,25.1000,25.1500,24.6100,24.9100,49435300
INTC,20051117,1600,25.1500,25.2500,24.9100,25.1100,39396500
INTC,20051118,1600,25.3200,25.4100,24.5000,25.3000,38919100
INTC,20051121,1600,25.3300,25.5000,25.0700,25.2500,34916400
INTC,20051122,1600,25.0800,26.2600,25.0600,26.1600,86040000
INTC,20051123,1600,26.1400,26.9200,26.0800,26.6400,80686896
INTC,20051125,1600,26.5800,27.1500,26.5400,26.8100,45653800
INTC,20051128,1600,26.9400,27.1000,26.7400,26.8600,78716200
INTC,20051129,1600,26.9500,27.1300,26.7200,26.7800,56364700
INTC,20051130,1600,26.7400,26.8600,26.6200,26.6800,50114500
INTC,20051201,1600,26.9400,27.2900,26.7900,27.1800,49840000
INTC,20051202,1600,27.1300,27.4900,27.1100,27.4300,51722600
INTC,20051205,1600,27.2800,27.2800,26.7900,26.9000,47747700
INTC,20051206,1600,27.0400,27.1300,26.6200,26.6700,50918500
INTC,20051207,1600,26.6700,26.6900,26.0300,26.1500,65558600
INTC,20051208,1600,26.3200,26.3200,25.3400,25.7000,104607200
INTC,20051209,1600,25.2800,26.1200,25.1700,26.0800,80102096
INTC,20051212,1600,26.1900,26.8200,26.1200,26.6200,75565800
INTC,20051213,1600,26.3600,26.8900,26.3100,26.7200,46475500
INTC,20051214,1600,26.6700,26.8500,26.4900,26.6300,107658496
INTC,20051215,1600,26.5900,26.9000,26.5200,26.5800,69675904
INTC,20051216,1600,26.5800,26.6800,26.3800,26.3800,72050600
INTC,20051219,1600,26.3700,26.4500,25.7800,25.7800,45251900
INTC,20051220,1600,25.8000,26.1000,25.6700,25.8100,45877700
INTC,20051221,1600,25.8500,26.1900,25.6000,25.8800,34541900
INTC,20051222,1600,25.8900,26.0800,25.7900,25.9700,26452100
INTC,20051223,1600,26.0000,26.1500,25.8800,25.9700,16616900
INTC,20051227,1600,26.0300,26.1000,25.4300,25.4600,28968400
INTC,20051228,1600,25.5200,25.6400,25.3600,25.4400,26518000
INTC,20051229,1600,25.4100,25.5500,25.0100,25.0700,26749300
INTC,20051230,1600,25.0100,25.1500,24.8700,24.9600,31681600
INTC,20060103,1600,25.1900,25.6400,24.9000,25.5700,56401200
INTC,20060104,1600,25.6000,25.9400,25.5900,25.9100,46188800
INTC,20060105,1600,25.9300,26.4700,25.9100,26.2700,54876800
INTC,20060106,1600,26.4800,26.6300,26.2100,26.3100,45703200
INTC,20060109,1600,26.3900,26.5100,26.0900,26.4700,39457800
INTC,20060110,1600,26.2900,26.4100,25.9200,26.1200,47031300
INTC,20060111,1600,26.1300,26.3300,25.9000,26.1400,52999900
INTC,20060112,1600,26.0500,26.5200,25.8700,25.9700,54026700
INTC,20060113,1600,25.9600,26.1800,25.5400,25.7900,46308900
INTC,20060117,1600,25.5900,25.7500,25.3200,25.5200,88055504
INTC,20060118,1600,22.8700,23.0600,22.3600,22.6000,282028416
INTC,20060119,1600,22.8000,22.8700,22.3900,22.4000,196293408
INTC,20060120,1600,22.4400,22.4700,21.7500,21.7600,155195008
INTC,20060123,1600,21.9200,21.9300,21.1000,21.3500,155081904
INTC,20060124,1600,21.5300,21.5900,21.2400,21.2800,105641800
INTC,20060125,1600,21.4000,21.4200,21.1000,21.2100,110311296
INTC,20060126,1600,21.4000,21.7500,21.2700,21.4900,101961600
