Ticker,Date,Time,Open,High,Low,Close,Vol
IP,20030303,1600,34.7541,35.0482,34.2149,34.4600,1666000
IP,20030304,1600,34.6703,34.6703,33.9449,34.1900,2032100
IP,20030305,1600,34.1424,34.3580,33.7993,34.2600,2039400
IP,20030306,1600,34.0152,34.1916,33.0447,33.2800,2664200
IP,20030307,1600,32.8456,33.7280,32.6789,33.6300,2292500
IP,20030310,1600,33.1896,33.5034,32.9053,33.1700,2672400
IP,20030311,1600,33.2843,33.8725,32.9118,33.0000,2184500
IP,20030312,1600,32.6751,33.1653,32.4398,32.9300,2414700
IP,20030313,1600,33.0846,33.8590,32.4376,33.8100,3771600
IP,20030314,1600,34.1655,35.1459,33.9694,34.9400,5175900
IP,20030317,1600,34.7342,35.9400,34.4302,35.9400,4533500
IP,20030318,1600,35.9859,36.5251,35.7605,36.2800,3770500
IP,20030319,1600,36.2722,36.5270,35.9487,36.3800,2958500
IP,20030320,1600,36.3798,36.6151,35.6250,36.3700,2625700
IP,20030321,1600,36.3676,37.3184,36.1715,37.2400,4583000
IP,20030324,1600,36.4666,36.5646,35.4961,35.8000,2509000
IP,20030325,1600,35.5543,36.1229,35.4073,35.7700,3496000
IP,20030326,1600,35.4496,35.4692,34.6653,34.9300,3653100
IP,20030327,1600,34.3622,34.5974,33.6759,33.9700,3987000
IP,20030328,1600,33.9696,33.9696,33.4304,33.9500,2975000
IP,20030331,1600,33.3851,33.4832,32.6694,33.1400,5067300
IP,20030401,1600,33.3329,33.7055,32.8329,33.4800,3290100
IP,20030402,1600,34.1143,34.4868,33.9281,34.3300,4379900
IP,20030403,1600,35.0903,35.0903,33.9725,34.1000,1900600
IP,20030404,1600,34.3047,34.9028,33.7165,34.0400,2347800
IP,20030407,1600,35.1424,35.2307,34.2308,34.2700,2979100
IP,20030408,1600,34.2753,34.3047,33.6282,34.0400,2204300
IP,20030409,1600,34.0368,34.3799,33.2820,33.3800,2727100
IP,20030410,1600,33.5525,33.9250,33.0526,33.1800,2591100
IP,20030411,1600,33.4820,33.7957,32.7565,33.0800,3710800
IP,20030414,1600,33.0738,33.4266,32.8973,33.2600,2827900
IP,20030415,1600,33.0371,33.5763,32.8802,33.3900,2987200
IP,20030416,1600,33.3878,33.5544,32.7310,32.7800,2306500
IP,20030417,1600,32.7876,33.2582,32.5229,33.1700,2146200
IP,20030421,1600,33.3758,33.7189,33.0034,33.1700,2203000
IP,20030422,1600,33.0882,34.5098,33.0196,34.5000,4024400
IP,20030423,1600,34.5592,35.1376,34.2161,35.0200,3804800
IP,20030424,1600,35.0823,35.6214,34.6314,34.7000,3579500
IP,20030425,1600,34.8872,35.0343,34.3187,34.7500,2765800
IP,20030428,1600,34.7559,35.0990,34.3735,35.0500,3929500
IP,20030429,1600,35.2892,35.3872,34.9461,35.2500,4024600
IP,20030430,1600,35.3931,35.3931,34.6578,35.0500,4600900
IP,20030501,1600,35.1004,35.1004,34.0709,34.6200,4214400
IP,20030502,1600,34.4197,35.1800,34.2637,35.1800,2395200
IP,20030505,1600,35.1752,35.3311,34.5319,34.9900,2215300
IP,20030506,1600,34.9964,35.6982,34.9964,35.6300,2877500
IP,20030507,1600,35.1582,35.5481,34.9243,35.0900,3079200
IP,20030508,1600,34.7013,35.5298,34.6038,34.7500,2744700
IP,20030509,1600,34.8496,35.6197,34.7912,35.6100,1990400
IP,20030512,1600,35.6104,36.6047,35.3764,36.4000,3393200
IP,20030513,1600,36.4005,36.7319,36.1665,36.4200,3389200
IP,20030514,1600,36.5019,36.5311,35.9756,36.1900,2598600
IP,20030515,1600,36.4505,36.5090,36.0607,36.4700,1894300
IP,20030516,1600,36.4727,36.7456,36.0146,36.1900,2315000
IP,20030519,1600,35.9224,36.0296,35.2400,35.2400,2062900
IP,20030520,1600,35.3839,35.6764,34.6139,35.1500,2330500
IP,20030521,1600,34.9889,35.5680,34.6945,35.4600,3001500
IP,20030522,1600,35.6332,36.4676,35.3878,36.3400,4251300
IP,20030523,1600,36.1178,36.2650,35.8430,36.0000,2050700
IP,20030527,1600,35.8091,36.8496,35.5245,36.8300,2775900
IP,20030528,1600,36.8106,36.8106,36.0744,36.3100,2526400
IP,20030529,1600,36.1053,36.7727,35.8207,35.8600,4097500
IP,20030530,1600,35.9115,36.3335,35.7250,35.9900,3689900
IP,20030602,1600,36.3072,36.7489,36.0815,36.1600,2386600
IP,20030603,1600,36.0835,36.3093,35.8577,36.2700,1976100
IP,20030604,1600,36.2686,37.3974,36.2686,37.2600,2895000
IP,20030605,1600,37.1440,37.9783,36.9182,37.8900,3511600
IP,20030606,1600,38.1324,38.6625,37.4257,37.7300,3688500
IP,20030609,1600,37.6745,37.7923,37.1542,37.3800,1965200
IP,20030610,1600,37.5585,38.1277,37.0482,37.4800,2266500
IP,20030611,1600,37.4831,38.1898,37.1985,38.1800,2506900
IP,20030612,1600,38.2754,38.4520,37.5982,38.0300,3201500
IP,20030613,1600,37.7393,37.7884,37.0326,37.1700,2967400
IP,20030616,1600,37.5473,38.0578,36.9093,37.9400,4085400
IP,20030617,1600,37.9322,38.2659,37.3335,37.5200,3049700
IP,20030618,1600,37.3193,37.4959,36.8677,37.2800,2752300
IP,20030619,1600,37.2806,38.0756,36.9272,37.3100,2850200
IP,20030620,1600,37.4788,37.7242,36.8113,36.8800,4632600
IP,20030623,1600,36.8778,37.0643,36.0926,36.2300,2646000
IP,20030624,1600,36.2941,36.8535,36.2352,36.5100,2454300
IP,20030625,1600,36.3831,36.6580,36.0200,36.0200,2085000
IP,20030626,1600,36.0218,36.1887,35.6685,36.1200,3088000
IP,20030627,1600,36.1174,36.1174,35.0869,35.4500,3384200
IP,20030630,1600,35.2074,35.5608,34.9718,35.0700,3715200
IP,20030701,1600,35.0859,35.4098,34.6541,35.4000,2970700
IP,20030702,1600,35.5327,36.2493,35.4444,36.2100,4056100
IP,20030703,1600,35.7765,36.2378,35.7765,36.1200,1549900
IP,20030707,1600,36.3206,37.3906,36.2814,36.8900,3899800
IP,20030708,1600,36.6150,36.9683,36.5855,36.8800,2695900
IP,20030709,1600,36.8170,36.8269,36.2968,36.6600,2117500
IP,20030710,1600,35.4300,36.1170,35.2239,35.4300,3891800
IP,20030711,1600,35.4450,35.9750,35.2781,35.7100,2128300
IP,20030714,1600,36.1150,36.3603,35.7126,35.8500,2088700
IP,20030715,1600,36.0207,36.2170,35.5889,36.0600,2942600
IP,20030716,1600,36.3039,36.3726,35.7935,35.9800,2848200
IP,20030717,1600,35.7381,36.6608,35.6989,36.1700,3072000
IP,20030718,1600,36.6580,37.1389,36.4617,37.0800,4364500
IP,20030721,1600,37.0783,37.0783,36.3619,36.9900,2898000
IP,20030722,1600,36.9971,37.9296,36.8302,37.9100,3681800
IP,20030723,1600,37.9093,38.0271,37.6933,37.8700,2866400
IP,20030724,1600,37.9356,38.4460,37.0031,37.1700,3715300
IP,20030725,1600,37.1661,37.5489,36.9110,37.4900,2429700
IP,20030728,1600,37.4964,38.1345,37.3492,37.8400,2224900
IP,20030729,1600,37.8385,37.8974,37.2300,37.7600,2272000
IP,20030730,1600,37.7889,37.9558,37.4748,37.7300,1390300
IP,20030731,1600,37.7620,38.9693,37.5853,38.4000,3533000
IP,20030801,1600,38.3978,38.4076,37.7990,38.2800,2582100
IP,20030804,1600,38.0428,38.3274,37.5717,38.1900,2066200
IP,20030805,1600,38.3267,38.3267,37.6004,37.6200,1883500
IP,20030806,1600,37.4498,37.6756,37.2142,37.4400,1864900
IP,20030807,1600,37.2946,37.6087,37.0787,37.5400,1796900
IP,20030808,1600,37.5417,38.1796,37.3454,38.1600,1954800
IP,20030811,1600,38.3265,38.8369,38.1302,38.6700,2240500
IP,20030812,1600,38.8229,38.9800,38.4597,38.9800,1867600
IP,20030813,1600,39.0680,39.0974,38.6655,38.9600,2158400
IP,20030814,1600,39.2058,40.1383,39.1175,40.0500,3482700
IP,20030815,1600,40.2347,40.2347,39.5770,39.9500,1575000
IP,20030818,1600,40.1944,40.4496,39.9000,40.4300,2284700
IP,20030819,1600,40.3374,40.9792,39.9622,40.9200,3613800
IP,20030820,1600,40.9240,40.9240,40.3611,40.4500,2667000
IP,20030821,1600,40.7863,40.9443,40.4307,40.4900,2503900
IP,20030822,1600,40.6528,40.7812,39.9320,40.0900,1850100
IP,20030825,1600,39.9961,40.1147,39.4234,39.6900,2050100
IP,20030826,1600,39.3345,39.7493,39.0382,39.6900,1726500
IP,20030827,1600,39.5149,40.0483,39.3668,39.9100,1463500
IP,20030828,1600,40.2320,40.4295,39.5210,40.3900,1924600
IP,20030829,1600,40.3757,40.3757,39.6352,40.0400,1620800
IP,20030902,1600,39.1555,40.4393,39.1456,40.3800,3357900
IP,20030903,1600,40.1492,40.4356,39.6753,40.0900,2185200
IP,20030904,1600,39.8350,39.8449,39.2129,39.4400,2327200
IP,20030905,1600,39.1105,39.2784,38.7550,39.1500,1879400
IP,20030908,1600,39.2037,39.7962,38.9964,39.5000,1873000
IP,20030909,1600,39.2708,40.4656,39.2708,40.1200,3108700
IP,20030910,1600,39.9967,40.0955,38.9400,38.9400,3092300
IP,20030911,1600,39.1036,39.6072,38.9259,39.3900,1636300
IP,20030912,1600,39.2652,39.6998,38.8603,39.6800,1934400
IP,20030915,1600,39.5965,39.7347,39.0238,39.3200,1689900
IP,20030916,1600,39.8678,40.5493,39.8185,40.4900,3297600
IP,20030917,1600,40.2363,40.3943,39.8710,39.9500,1663400
IP,20030918,1600,39.9962,40.4900,39.7888,40.4900,1810600
IP,20030919,1600,40.7561,40.8746,40.0254,40.4500,3421300
IP,20030922,1600,40.1465,40.2354,39.7614,39.8700,2005500
IP,20030923,1600,39.9004,40.0485,39.5448,39.9300,1712500
IP,20030924,1600,39.6751,39.8923,39.0629,39.2900,2179700
IP,20030925,1600,39.4010,39.4109,38.6900,38.6900,2158700
IP,20030926,1600,38.6079,38.8448,38.3018,38.4400,2114000
IP,20030929,1600,38.5157,39.0391,38.0614,38.9700,1808000
IP,20030930,1600,38.7176,38.9743,38.0165,38.5300,2273400
IP,20031001,1600,38.8602,38.9294,38.2578,38.8800,3919700
IP,20031002,1600,38.7140,39.1386,38.3782,39.0300,2495300
IP,20031003,1600,39.0318,39.4564,38.3801,38.3900,4505000
IP,20031006,1600,38.5100,38.7470,38.2434,38.5100,1873200
IP,20031007,1600,38.2626,38.7564,38.1540,38.4700,2271500
IP,20031008,1600,38.8594,39.0569,38.6026,38.8100,2019200
IP,20031009,1600,39.0514,39.1897,38.3603,38.3800,2604300
IP,20031010,1600,38.1165,39.1731,37.7413,37.8400,3293400
IP,20031013,1600,38.1661,38.6796,38.1266,38.6500,2674700
IP,20031014,1600,38.5336,38.8398,38.2966,38.8200,2160400
IP,20031015,1600,39.0069,39.1945,38.5427,38.7600,2475500
IP,20031016,1600,38.9248,39.4975,38.9248,39.3000,2803100
IP,20031017,1600,39.4418,39.4714,38.7307,38.7900,1656400
IP,20031020,1600,38.7847,39.1796,38.6168,39.1500,1585600
IP,20031021,1600,39.4819,39.5017,38.8400,38.8400,1827100
IP,20031022,1600,38.7246,38.7838,38.2801,38.2900,1648500
IP,20031023,1600,38.2830,38.8360,38.1843,38.5200,1591500
IP,20031024,1600,38.3155,38.3254,37.7131,37.9600,1841300
IP,20031027,1600,37.8757,38.9324,37.3522,37.5300,3446800
IP,20031028,1600,37.4309,38.3198,37.3420,38.3000,3927500
IP,20031029,1600,37.9533,38.4373,37.8250,38.2200,2638500
IP,20031030,1600,38.5141,39.2548,38.5042,38.8400,3098300
IP,20031031,1600,38.8995,39.1069,38.3662,38.8600,2355100
IP,20031103,1600,38.8714,39.2466,38.7232,38.9800,2097900
IP,20031104,1600,38.9080,38.9080,38.5130,38.7500,1338200
IP,20031105,1600,38.3965,38.5348,38.0114,38.1200,2150300
IP,20031106,1600,38.0946,38.0946,37.5318,37.6700,2741100
IP,20031107,1600,37.7735,37.9809,37.0822,37.2600,3432200
IP,20031110,1600,37.1156,37.2143,36.6612,36.7600,2557100
IP,20031111,1600,36.7609,36.9682,36.6226,36.8300,1757000
IP,20031112,1600,36.9337,37.2498,36.7560,37.2300,1917000
IP,20031113,1600,36.8533,37.3075,36.8335,37.1100,2091600
IP,20031114,1600,37.1070,37.6204,36.8206,36.8700,2537100
IP,20031117,1600,36.8758,37.0832,36.2339,36.5400,1846000
IP,20031118,1600,36.5383,36.6963,36.2222,36.4000,2261700
IP,20031119,1600,36.5420,37.0988,36.3630,36.8900,3042100
IP,20031120,1600,36.7896,37.2072,36.6106,36.7200,2346300
IP,20031121,1600,36.7408,36.9596,36.6215,36.8900,2623300
IP,20031124,1600,37.1324,37.5698,37.0230,37.5400,2103100
IP,20031125,1600,37.4789,37.5287,37.1807,37.3000,1891700
IP,20031126,1600,37.5373,37.6069,36.9904,37.0600,2750300
IP,20031128,1600,37.0696,37.2585,36.9006,37.0000,1797500
IP,20031201,1600,37.5357,38.6195,37.4263,38.5300,6047400
IP,20031202,1600,38.2834,38.9397,38.1740,38.8800,4400400
IP,20031203,1600,39.0203,39.3086,38.7916,39.0700,2342900
IP,20031204,1600,39.3712,39.7987,39.2718,39.5800,3898600
IP,20031205,1600,39.3685,39.4977,38.9311,39.1100,2161000
IP,20031208,1600,39.1151,40.0000,39.1151,40.0000,2240100
IP,20031209,1600,40.5192,40.9368,40.3104,40.3800,3962100
IP,20031210,1600,40.6089,40.6188,40.2211,40.4100,2205700
IP,20031211,1600,40.4022,40.8098,40.4022,40.7800,2452300
IP,20031212,1600,40.7904,40.8600,40.2635,40.8600,1620700
IP,20031215,1600,41.8029,41.8029,40.5202,40.5500,2443900
IP,20031216,1600,40.7299,40.7299,40.1832,40.7200,1850900
IP,20031217,1600,40.6119,41.0295,40.4131,40.9400,1658200
IP,20031218,1600,41.1432,41.8193,41.0637,41.7000,2836800
IP,20031219,1600,42.1592,42.2686,41.5924,42.0200,3721900
IP,20031222,1600,42.0106,42.2493,41.8515,42.1200,2461400
IP,20031223,1600,42.0206,42.1995,41.8118,42.1200,1651800
IP,20031224,1600,42.0097,42.1290,41.7611,41.9500,655500
IP,20031226,1600,41.9403,42.3678,41.9005,41.9900,481100
IP,20031229,1600,42.2337,42.8799,42.0548,42.8700,1684200
IP,20031230,1600,42.8699,42.9892,42.5816,42.8600,1637000
IP,20031231,1600,42.8600,43.0688,42.6413,42.8600,2183400
IP,20040102,1600,43.2953,43.2953,42.4304,42.4900,2003700
IP,20040105,1600,42.7037,43.3699,42.4949,43.3500,2570300
IP,20040106,1600,43.1223,43.6691,43.0229,43.5200,2779700
IP,20040107,1600,43.2642,44.2089,43.1847,44.0100,3491500
IP,20040108,1600,44.0042,44.7498,43.8948,44.7200,3838400
IP,20040109,1600,44.6371,44.7365,43.6231,44.1500,3305900
IP,20040112,1600,44.1413,44.6185,44.0419,44.3700,2183500
IP,20040113,1600,44.2979,44.6758,43.8505,43.9300,3103500
IP,20040114,1600,43.9506,44.1395,43.5827,44.0500,2129000
IP,20040115,1600,44.0475,44.2066,43.3614,43.6100,2721700
IP,20040116,1600,43.7875,43.8372,42.8926,43.3500,2900500
IP,20040120,1600,43.4686,43.9558,43.1007,43.2300,2914100
IP,20040121,1600,43.3384,43.4975,42.9706,43.0700,2231700
IP,20040122,1600,43.0703,43.1697,41.9667,43.1200,2970700
IP,20040123,1600,42.9549,42.9549,42.0302,42.0600,2996600
IP,20040126,1600,41.6966,42.9791,41.6966,42.8300,2057200
IP,20040127,1600,42.5991,42.8477,42.2114,42.4500,2013600
IP,20040128,1600,42.6251,42.7345,41.4916,41.7700,2990500
IP,20040129,1600,42.1557,42.2054,41.3206,41.4200,3002200
IP,20040130,1600,41.3240,42.0499,40.8865,42.0300,3091100
IP,20040202,1600,42.0512,42.7075,41.8623,42.2700,3661000
IP,20040203,1600,42.1558,42.1657,41.4101,41.4300,2395300
IP,20040204,1600,41.2656,41.3153,40.4900,40.4900,2711100
IP,20040205,1600,40.5828,41.1395,40.3243,41.0600,2358700
IP,20040206,1600,40.9658,41.9800,40.8564,41.9800,2233500
IP,20040209,1600,41.9810,42.3290,41.6131,42.1600,1607200
IP,20040210,1600,41.9801,42.2685,41.6719,42.0000,2046300
IP,20040211,1600,41.9863,43.0700,41.8769,43.0700,3340600
IP,20040212,1600,42.9012,43.2988,42.7918,43.1000,2045100
IP,20040213,1600,43.2793,43.4284,42.6728,43.1500,3488000
IP,20040217,1600,43.6080,43.6378,43.1606,43.2600,1394000
IP,20040218,1600,43.4100,43.4100,42.8000,42.8600,2234000
IP,20040219,1600,42.9500,43.9800,42.9400,43.5000,4101800
IP,20040220,1600,43.7700,43.9700,43.4700,43.7700,2404100
IP,20040223,1600,43.9700,44.1500,43.7700,44.1200,2482000
IP,20040224,1600,44.1200,44.5400,44.0300,44.3700,2384000
IP,20040225,1600,44.3800,44.8800,44.2600,44.7500,2523400
IP,20040226,1600,44.5000,44.7100,44.2700,44.4200,2337600
IP,20040227,1600,43.7000,44.8800,43.7000,44.2600,2351400
IP,20040301,1600,44.6000,44.8400,44.2000,44.5000,2808900
IP,20040302,1600,44.5100,44.8700,43.8700,43.9400,2559000
IP,20040303,1600,43.8300,43.8400,43.3600,43.8200,2195200
IP,20040304,1600,43.6400,44.1800,43.4900,44.1300,1695800
IP,20040305,1600,44.1400,44.4800,43.6500,44.0300,1831100
IP,20040308,1600,44.0400,44.4600,43.6900,43.6900,2066700
IP,20040309,1600,43.6900,43.6900,42.4000,42.4500,3840700
IP,20040310,1600,42.5000,42.5900,41.0000,41.0600,5092100
IP,20040311,1600,41.0600,41.6300,40.5800,40.6600,4259400
IP,20040312,1600,41.0200,41.5000,40.8100,41.4100,2371500
IP,20040315,1600,41.3200,41.3300,40.4000,40.5400,2197600
IP,20040316,1600,40.9000,41.1700,40.5100,40.8200,2001500
IP,20040317,1600,41.1000,41.7700,41.0200,41.5200,1941900
IP,20040318,1600,41.5300,41.7000,40.9100,41.4600,1763800
IP,20040319,1600,41.4700,42.1100,41.2600,41.4700,2882900
IP,20040322,1600,41.2500,41.2500,40.1500,40.4400,3121500
IP,20040323,1600,40.7100,40.8800,40.1000,40.3000,1947100
IP,20040324,1600,40.3000,40.5500,39.8000,39.9600,2445600
IP,20040325,1600,40.3500,41.0500,40.1500,40.9500,2198200
IP,20040326,1600,40.9200,41.6500,40.4600,41.5800,2639300
IP,20040329,1600,41.8000,42.3100,41.7500,42.2100,2123500
IP,20040330,1600,42.1700,42.4900,42.0000,42.4200,1678600
IP,20040331,1600,42.3700,42.4300,42.0100,42.2600,1727100
IP,20040401,1600,41.5500,42.3500,41.4000,42.1800,6708900
IP,20040402,1600,42.6000,42.7100,41.9900,42.6700,3983500
IP,20040405,1600,42.3500,42.4800,41.9900,42.4000,2525400
IP,20040406,1600,42.2000,42.9100,42.1200,42.8300,3140300
IP,20040407,1600,42.5800,42.7000,41.8100,42.4000,12948600
IP,20040408,1600,42.3100,42.4500,41.2100,42.0100,3135900
IP,20040412,1600,42.0100,42.5600,41.9300,42.3800,2399600
IP,20040413,1600,42.5400,42.5500,41.4400,41.5700,3090800
IP,20040414,1600,41.0900,41.9300,41.0700,41.9000,3298500
IP,20040415,1600,42.1000,42.2000,41.2100,41.8800,2508800
IP,20040416,1600,41.7400,42.7400,41.7200,42.7400,4751000
IP,20040419,1600,43.0000,43.2500,42.5500,42.5800,2939100
IP,20040420,1600,42.7000,42.8400,41.6800,41.7000,2154000
IP,20040421,1600,41.7500,41.8300,40.8200,41.1900,3378100
IP,20040422,1600,41.3200,43.2000,41.2500,43.0200,3516500
IP,20040423,1600,43.5000,43.5000,42.1800,43.2000,3555800
IP,20040426,1600,43.0200,43.4300,42.1400,42.4400,2270900
IP,20040427,1600,42.6500,43.0000,42.3100,42.5900,2232700
IP,20040428,1600,42.1000,42.1700,41.1400,41.1700,2923200
IP,20040429,1600,41.1700,41.6200,40.2000,40.4900,4106900
IP,20040430,1600,40.5000,40.6500,40.0400,40.3200,3314000
IP,20040503,1600,40.3200,40.4400,39.8000,40.3200,3342100
IP,20040504,1600,40.3300,40.5500,40.0300,40.3300,2365200
IP,20040505,1600,40.2000,40.4200,39.6400,39.9100,2432700
IP,20040506,1600,39.5200,39.7400,39.1500,39.5900,2575600
IP,20040507,1600,39.5000,39.9500,38.4100,38.4100,2732600
IP,20040510,1600,38.0100,39.3100,37.9100,38.6700,4213900
IP,20040511,1600,39.2800,39.5000,39.0100,39.2200,2702600
IP,20040512,1600,39.6300,40.0000,39.1400,39.9900,3504100
IP,20040513,1600,39.9900,40.7900,39.9000,40.7000,3279500
IP,20040514,1600,40.3908,40.6393,40.0131,40.5200,2965000
IP,20040517,1600,40.1478,40.2968,39.7105,39.7900,2500700
IP,20040518,1600,40.0507,40.3488,39.8917,40.1600,1412500
IP,20040519,1600,40.6600,40.9900,40.0200,40.2500,2719900
IP,20040520,1600,40.4000,40.7100,40.0600,40.2700,2094400
IP,20040521,1600,40.5000,40.9100,40.4000,40.6000,1651200
IP,20040524,1600,41.0000,41.3100,40.6100,40.8000,1655100
IP,20040525,1600,40.6000,41.4700,40.2900,41.4300,2552000
IP,20040526,1600,41.2400,41.6100,41.0900,41.5700,1442000
IP,20040527,1600,41.5300,42.1700,41.5300,42.1700,2532600
IP,20040528,1600,42.0800,42.0900,41.7200,41.9300,1466400
IP,20040601,1600,41.7300,42.1200,41.7100,42.1100,1478700
IP,20040602,1600,42.1100,42.3300,41.6500,42.3000,1550100
IP,20040603,1600,42.2000,42.2000,41.5200,41.5700,1278800
IP,20040604,1600,41.7000,41.9700,41.3800,41.7700,1258300
IP,20040607,1600,41.9400,42.6000,41.8500,42.4600,1443700
IP,20040608,1600,42.2800,42.6700,42.1300,42.6500,1320000
IP,20040609,1600,42.6200,42.7400,42.2600,42.3600,1327700
IP,20040610,1600,42.4300,42.7300,42.4000,42.5900,918200
IP,20040614,1600,42.4000,42.4000,41.9100,41.9100,1420500
IP,20040615,1600,42.3000,42.7100,42.1200,42.5000,1813100
IP,20040616,1600,42.5000,42.8000,42.2356,42.3000,703000
IP,20040617,1600,42.5600,43.0500,42.5600,43.0500,1845000
IP,20040618,1600,42.8700,43.8800,42.8000,43.7200,2808800
IP,20040621,1600,43.7500,44.0700,43.4800,43.8900,2443400
IP,20040622,1600,43.7700,44.1200,43.5000,43.9800,2519500
IP,20040623,1600,43.8200,44.0900,43.5400,44.0300,1705200
IP,20040624,1600,43.9000,44.1200,43.7700,43.8100,1209300
IP,20040625,1600,43.8000,43.9800,43.2000,43.4900,1693300
IP,20040628,1600,43.6500,43.7600,43.3300,43.4900,1697000
IP,20040629,1600,43.3900,44.5800,43.3700,44.4900,2435000
IP,20040630,1600,44.3800,44.8100,43.9800,44.7000,1991100
IP,20040701,1600,44.4000,44.6500,43.9100,44.0100,2812400
IP,20040702,1600,43.6000,43.8500,43.4000,43.5500,1686400
IP,20040706,1600,43.4500,43.7600,43.2400,43.5900,1281200
IP,20040707,1600,43.5900,43.9700,43.5100,43.6500,1558700
IP,20040708,1600,43.6500,43.7300,43.0200,43.0300,1533100
IP,20040709,1600,43.2000,43.4300,42.7100,42.8300,1682100
IP,20040712,1600,42.9600,43.5400,42.8200,43.5300,1686700
IP,20040713,1600,43.6700,43.9500,43.5500,43.7000,1200900
IP,20040714,1600,43.4500,43.9000,42.6100,43.6400,1772600
IP,20040715,1600,43.6500,43.8800,43.4800,43.5300,1080200
IP,20040716,1600,43.9500,44.0600,43.5200,43.5200,1349900
IP,20040719,1600,43.5200,43.6600,43.2000,43.2700,1400300
IP,20040720,1600,43.1800,43.4000,42.7300,42.9600,1844500
IP,20040721,1600,43.0800,43.1400,42.2000,42.3200,1862300
IP,20040722,1600,42.2500,42.4900,41.7300,42.2600,1911700
IP,20040723,1600,42.2900,42.7000,41.8100,42.3100,2159500
IP,20040726,1600,42.4000,43.3100,42.4000,42.6500,3382800
IP,20040727,1600,42.6500,43.5600,42.6200,43.4900,3037600
IP,20040728,1600,43.3000,43.5300,42.6500,43.5300,2499000
IP,20040729,1600,43.4900,43.4900,42.8500,43.1200,1269900
IP,20040730,1600,43.2000,43.4900,42.9500,43.2300,1460100
IP,20040802,1600,43.2400,43.6100,42.7600,43.5100,1406700
IP,20040803,1600,43.3400,43.4800,42.8900,43.0200,1331900
IP,20040804,1600,42.7500,43.0200,42.6300,42.9400,609900
IP,20040805,1600,43.1600,43.4500,42.1100,42.2400,1277200
IP,20040806,1600,42.0000,42.2000,41.1600,41.3500,1924800
IP,20040809,1600,41.4000,41.7300,41.4000,41.6100,1773800
IP,20040810,1600,41.7000,41.9600,41.7000,41.9400,244900
IP,20040811,1600,42.0000,42.0100,41.1600,41.5000,1836400
IP,20040812,1600,41.3000,41.5000,41.0200,41.0900,2156500
IP,20040813,1600,41.1800,41.2000,40.5100,40.7000,1189100
IP,20040816,1600,40.8900,41.9200,40.8000,41.7700,1676800
IP,20040817,1600,41.7700,42.1800,41.6500,41.9600,1428000
IP,20040818,1600,41.7000,42.1000,41.5300,42.0100,1311300
IP,20040819,1600,41.8500,42.0800,41.6000,41.8700,1852700
IP,20040820,1600,41.7500,42.3000,41.7500,41.8100,1984400
IP,20040823,1600,41.9100,42.0100,41.3400,41.4600,1321800
IP,20040824,1600,41.5600,41.8800,41.5100,41.7100,1019200
IP,20040825,1600,41.6100,41.8500,40.8500,41.6300,2026800
IP,20040826,1600,41.6600,41.8000,41.4500,41.5000,1681900
IP,20040827,1600,41.4500,41.4800,41.1300,41.1500,2050500
IP,20040830,1600,40.8500,41.1400,40.1700,40.2500,2867900
IP,20040831,1600,40.1200,40.4400,39.5800,40.0200,3809800
IP,20040901,1600,39.9000,40.5200,39.8900,40.4900,797900
IP,20040902,1600,40.6500,41.1900,40.5100,41.0100,1368500
IP,20040903,1600,41.0200,41.1900,40.7500,40.8000,1133200
IP,20040907,1600,41.0900,41.3500,40.9600,41.0600,1415100
IP,20040908,1600,40.9500,40.9500,40.5600,40.5800,1127900
IP,20040909,1600,40.5300,40.5700,40.1200,40.2100,1876000
IP,20040910,1600,40.0600,40.1400,39.7700,40.1100,1919300
IP,20040913,1600,40.2400,40.4300,39.7700,39.7800,1890400
IP,20040914,1600,39.8800,40.2800,39.5000,40.1200,1766000
IP,20040915,1600,40.1300,40.2000,40.0000,40.0300,396000
IP,20040916,1600,40.1700,40.2000,39.9400,40.0100,1338100
IP,20040917,1600,40.2600,40.3200,39.8700,39.9000,1771600
IP,20040920,1600,39.9000,40.0500,39.6600,39.9400,1499300
IP,20040921,1600,40.2200,40.2400,39.0400,39.1900,4030200
IP,20040922,1600,39.0000,39.4600,38.5900,38.6000,4871200
IP,20040923,1600,38.6100,38.8400,38.4500,38.6400,2446400
IP,20040924,1600,38.8200,39.1000,38.7000,38.8500,1811600
IP,20040927,1600,38.5800,38.7600,38.2200,38.7500,2863900
IP,20040928,1600,38.9500,39.3800,38.8200,39.0800,2638800
IP,20040929,1600,39.4300,39.8600,39.2500,39.7800,2946000
IP,20040930,1600,39.7000,40.4700,39.4900,40.4100,3031800
IP,20041001,1600,40.5900,41.1100,40.5000,40.7600,3365600
IP,20041004,1600,40.8700,41.1500,40.2700,40.6700,2144300
IP,20041005,1600,40.7000,40.9800,40.3500,40.9100,1773000
IP,20041006,1600,40.9200,41.5400,40.7600,41.5200,2047400
IP,20041007,1600,41.3300,41.4000,40.7800,40.8100,1470000
IP,20041008,1600,40.7700,41.1300,40.4400,40.6200,1732000
IP,20041011,1600,40.5400,40.9400,40.3600,40.4500,776700
IP,20041012,1600,40.2600,40.2900,39.7700,40.2400,2041600
IP,20041013,1600,40.0000,40.0500,39.0500,39.5300,3282900
IP,20041014,1600,39.6300,39.7000,39.1600,39.1600,1825700
IP,20041015,1600,39.0700,39.6600,39.0000,39.1200,1944200
IP,20041018,1600,39.1200,39.2500,38.7000,39.0000,2095600
IP,20041019,1600,39.0000,39.0500,38.2000,38.3300,1621200
IP,20041020,1600,38.4500,38.8400,38.4500,38.7600,1791100
IP,20041021,1600,38.6800,39.1700,38.4300,39.0700,1776700
IP,20041022,1600,39.2600,39.7500,38.5600,38.6000,2266200
IP,20041025,1600,38.7300,39.0700,38.6900,38.8100,1871300
IP,20041026,1600,38.8200,39.0500,38.1000,38.8400,4325300
IP,20041027,1600,38.9000,39.1900,38.2200,38.2200,6127700
IP,20041028,1600,38.8700,38.8700,37.1200,38.0300,2976500
IP,20041029,1600,37.8900,38.5100,37.8700,38.5100,2068600
IP,20041101,1600,38.6000,38.7600,38.1300,38.5600,2489400
IP,20041102,1600,38.5600,38.8600,38.2200,38.3200,1507900
IP,20041103,1600,38.8500,38.9900,38.5600,38.7500,2090200
IP,20041104,1600,38.7200,39.4800,38.4000,39.4000,2215700
IP,20041105,1600,40.0000,40.2500,39.6400,40.1200,2432300
IP,20041108,1600,40.2000,40.2500,39.9800,40.0600,1388000
IP,20041109,1600,40.4800,40.7000,40.2600,40.6100,1712500
IP,20041110,1600,39.4902,39.4902,39.0373,39.2300,1481000
IP,20041111,1600,39.4315,39.4796,39.0653,39.4700,1280100
IP,20041112,1600,39.3782,39.3975,38.8867,39.3300,1696700
IP,20041115,1600,39.4980,39.4980,39.1222,39.1800,994500
IP,20041116,1600,39.3028,39.3702,38.9462,39.1100,1298800
IP,20041117,1600,39.3548,39.7622,39.1997,39.5100,1613300
IP,20041118,1600,39.6439,39.9543,39.5276,39.7700,1884100
IP,20041119,1600,39.8421,39.8518,39.0567,39.2700,1336400
IP,20041122,1600,39.1785,39.8961,39.1494,39.4500,2221000
IP,20041123,1600,39.6072,39.6557,38.9285,39.2000,1494800
IP,20041124,1600,39.4643,40.2982,39.4546,40.2400,2615900
IP,20041126,1600,40.2197,40.6754,40.1034,40.5300,951800
IP,20041129,1600,40.6272,40.7242,40.1909,40.2200,1791300
IP,20041130,1600,40.2406,40.4927,40.1242,40.2600,2852000
IP,20041201,1600,40.3926,41.2364,40.2763,41.1200,2830800
IP,20041202,1600,40.9985,41.1439,40.2809,40.3100,2370000
IP,20041203,1600,40.0754,40.2790,39.1736,39.2900,4774200
IP,20041206,1600,39.2485,39.6849,39.0739,39.5200,3921300
IP,20041207,1600,39.4216,39.7125,38.7815,38.8300,2788600
IP,20041208,1600,38.8270,39.1276,38.6912,39.0500,2022100
IP,20041209,1600,38.9363,39.6055,38.7909,39.4600,2325200
IP,20041210,1600,40.1698,40.1698,39.2388,39.5200,1765400
IP,20041213,1600,39.6567,40.0057,39.6567,39.8700,2383700
IP,20041214,1600,39.8197,39.9264,39.6354,39.8100,2194000
IP,20041215,1600,39.7621,40.3246,39.5196,40.1500,2333300
IP,20041216,1600,40.4864,40.6609,40.2633,40.3700,2138700
IP,20041217,1600,40.1288,40.4100,39.8185,40.0900,2151600
IP,20041220,1600,40.0733,40.5484,39.8018,39.8600,1315600
IP,20041221,1600,39.9582,40.3848,39.9485,40.2200,1497700
IP,20041222,1600,40.3888,40.6312,40.2433,40.3500,1695000
IP,20041223,1600,40.3003,40.6688,40.2130,40.6300,1216400
IP,20041227,1600,40.7251,40.8609,40.4924,40.5700,1633600
IP,20041228,1600,40.6818,40.9630,40.5267,40.7400,1686700
IP,20041229,1600,40.7382,40.8158,40.5636,40.6800,1487100
IP,20041230,1600,40.7306,40.9343,40.6821,40.7500,948900
IP,20041231,1600,40.7979,40.9143,40.7106,40.7300,905900
IP,20050103,1600,40.8176,40.9824,40.5654,40.7400,2597300
IP,20050104,1600,40.6619,40.7298,39.3721,39.7600,3026000
IP,20050105,1600,40.4367,41.2997,40.2621,40.3300,5933900
IP,20050106,1600,40.3340,40.3921,39.9169,40.1400,2976400
IP,20050107,1600,40.2436,40.5249,39.9527,40.0400,2040800
IP,20050110,1600,40.0452,40.3361,40.0355,40.2100,2444600
IP,20050111,1600,40.0994,40.2158,39.7406,39.7600,2254800
IP,20050112,1600,39.8882,40.2276,39.3839,40.1500,2151400
IP,20050113,1600,40.2921,40.3406,39.6618,39.7200,1561000
IP,20050114,1600,39.6703,40.0000,39.3794,39.6800,1393900
IP,20050118,1600,39.4461,39.6303,38.9321,39.3200,2377500
IP,20050119,1600,39.3243,39.5474,38.4612,38.5000,4005600
IP,20050120,1600,38.4891,38.6927,38.2079,38.4600,3210200
IP,20050121,1600,38.3079,38.3661,37.9006,37.9200,2654800
IP,20050124,1600,37.9200,38.1916,37.5709,37.6000,2125700
IP,20050125,1600,37.8225,37.9194,37.4345,37.5800,3177200
IP,20050126,1600,37.8658,38.0888,37.7397,38.0500,2967000
IP,20050127,1600,37.8415,38.3652,37.6766,38.2100,2346800
IP,20050128,1600,38.0645,38.2100,37.8415,38.2100,1901900
IP,20050131,1600,38.5902,38.7260,37.7273,37.9600,2555800
IP,20050201,1600,37.9672,38.5297,37.8896,38.5200,2850900
IP,20050202,1600,38.5170,39.0600,38.4200,39.0600,2841400
IP,20050203,1600,38.8855,38.8952,37.9739,38.1000,6184200
IP,20050204,1600,37.9327,38.9218,37.9134,38.3400,4227300
IP,20050207,1600,38.2445,38.2542,37.3718,37.4300,3006400
IP,20050208,1600,37.4312,37.4312,36.7330,36.8300,3465800
IP,20050209,1600,36.6830,36.6927,35.9461,36.1400,5504500
IP,20050210,1600,36.3139,36.3430,36.0521,36.1200,4299000
IP,20050211,1600,36.0818,36.3436,36.0527,36.1400,2383000
IP,20050214,1600,36.1203,36.3045,36.1009,36.1300,1888500
IP,20050215,1600,36.2679,36.2679,35.6764,35.8800,3517000
IP,20050216,1600,35.8790,36.7674,35.8106,36.6600,3956200
IP,20050217,1600,37.0512,37.4612,36.6216,37.1000,5297500
IP,20050218,1600,37.2450,37.7331,37.2157,37.4500,3434000
IP,20050222,1600,37.1140,37.4850,36.4600,36.4600,5257300
IP,20050223,1600,36.6102,37.0983,36.1221,37.0300,3486100
IP,20050224,1600,36.8543,37.0300,36.3759,37.0300,3356900
IP,20050225,1600,37.0343,37.3955,36.7218,37.2100,2317600
IP,20050228,1600,36.9383,37.1824,36.4112,36.4600,2682300
IP,20050301,1600,36.6239,37.2586,36.5263,37.2000,2307400
IP,20050302,1600,37.1617,37.3862,36.7125,37.2300,2090000
IP,20050303,1600,37.2921,37.4386,36.7357,37.3800,2117300
IP,20050304,1600,37.6544,38.7479,37.5861,38.6600,3528000
IP,20050307,1600,38.8077,38.8077,38.0462,38.3000,2551900
IP,20050308,1600,38.2962,38.3060,37.8374,38.1400,1961000
IP,20050309,1600,37.9298,38.2227,37.7833,37.9200,2142400
IP,20050310,1600,38.1743,38.1743,37.6666,37.9400,1838900
IP,20050311,1600,37.8318,38.4372,37.8318,38.3200,2929300
IP,20050314,1600,38.3297,38.7593,38.2614,38.7300,2819600
IP,20050315,1600,38.9982,39.1349,38.5100,38.5100,2293600
IP,20050316,1600,38.2193,38.2974,37.2626,37.3700,2717400
IP,20050317,1600,37.3450,37.7550,37.2180,37.5500,1997800
IP,20050318,1600,37.4925,38.0198,37.1996,38.0100,3813300
IP,20050321,1600,38.0389,38.3025,37.4726,37.5800,1858500
IP,20050322,1600,37.4117,37.5387,36.6600,36.6600,3546800
IP,20050323,1600,36.7034,36.7620,36.2738,36.4300,2507500
IP,20050324,1600,36.4193,36.8196,36.3119,36.3900,1464000
IP,20050328,1600,36.3894,36.4479,35.9500,35.9500,1857500
IP,20050329,1600,35.7295,35.9346,34.8217,34.8900,3599600
IP,20050330,1600,35.1971,35.5876,35.1483,35.4900,2745600
IP,20050331,1600,35.7638,36.1348,35.6857,35.9200,2137300
IP,20050401,1600,35.9196,36.3004,35.4119,35.4900,1859600
IP,20050404,1600,35.4888,35.6353,35.0592,35.4400,1793700
IP,20050405,1600,35.3928,35.7834,35.2757,35.5100,1945700
IP,20050406,1600,35.6830,36.4543,35.6733,36.2200,2399600
IP,20050407,1600,36.3395,37.0229,36.3004,36.7300,2389700
IP,20050408,1600,36.7325,36.9766,36.3809,36.4200,2450100
IP,20050411,1600,36.4291,36.5462,36.1947,36.3900,1391800
IP,20050412,1600,36.3408,36.5068,35.4913,35.9600,4129700
IP,20050413,1600,35.9580,35.9580,34.8547,35.0500,2790900
IP,20050414,1600,34.7765,35.0303,34.0540,34.2200,4238600
IP,20050415,1600,34.3617,34.8302,33.5807,33.6100,3764500
IP,20050418,1600,33.8090,34.5510,33.7602,34.1800,2881300
IP,20050419,1600,34.1948,34.2925,33.8531,33.9800,2502300
IP,20050420,1600,34.0588,34.0881,33.0729,33.1900,2475200
IP,20050421,1600,33.4119,33.6267,33.0116,33.4900,2682600
IP,20050422,1600,34.1728,34.2021,32.8840,33.0500,4370900
IP,20050425,1600,33.2138,33.4384,32.9502,32.9600,2913000
IP,20050426,1600,32.7595,33.2086,32.6814,32.7400,2352400
IP,20050427,1600,32.7047,33.8469,32.4607,33.3100,3150500
IP,20050428,1600,33.0093,33.3413,32.5505,32.5700,2345600
IP,20050429,1600,32.8746,33.5386,32.2595,33.4800,3625600
IP,20050502,1600,33.2931,33.4103,32.7659,33.0100,2606700
IP,20050503,1600,33.0778,33.6929,32.7263,33.4000,2281700
IP,20050504,1600,33.4879,33.7515,33.3707,33.4000,2652800
IP,20050505,1600,33.3781,33.4562,32.6362,32.8900,3360700
IP,20050506,1600,33.1950,33.5270,32.8436,32.9900,2237900
IP,20050509,1600,33.0877,33.0877,32.5702,32.5800,2621600
IP,20050510,1600,32.5834,32.6127,32.2319,32.3100,2127400
IP,20050511,1600,32.3654,32.6486,32.3166,32.5900,2592900
IP,20050512,1600,32.8215,32.8605,32.0502,32.0600,3068500
IP,20050513,1600,32.1399,32.1399,30.4607,30.9000,4008800
IP,20050516,1600,31.0345,31.3371,30.9467,31.2200,3424500
IP,20050517,1600,31.2493,31.6983,31.0638,31.6300,4369300
IP,20050518,1600,32.0069,32.5776,31.9971,32.4300,3049500
IP,20050519,1600,32.6186,32.6579,32.1266,32.5300,2473100
IP,20050520,1600,32.5273,32.5273,32.1140,32.3600,1460200
IP,20050523,1600,32.5660,33.0776,32.4381,32.9300,2816100
IP,20050524,1600,32.7658,32.7855,32.3230,32.5100,3139400
IP,20050525,1600,32.2726,32.2824,31.6429,31.8200,3706900
IP,20050526,1600,32.1268,32.1465,31.7726,31.9300,2039700
IP,20050527,1600,31.9314,32.0987,31.7346,32.0200,1294300
IP,20050531,1600,32.0147,32.0147,31.5719,31.6900,2098200
IP,20050601,1600,31.7646,32.2763,31.7351,32.0500,2019500
IP,20050602,1600,32.1402,32.2189,31.9041,32.1500,1496500
IP,20050603,1600,32.1531,32.5073,32.0252,32.3400,2472800
IP,20050606,1600,32.3474,32.4261,32.0818,32.1900,2299800
IP,20050607,1600,32.3719,32.8541,32.1948,32.4900,2091800
IP,20050608,1600,32.6676,32.8053,32.3429,32.5200,1826900
IP,20050609,1600,32.3252,32.3646,31.8726,32.0300,1862500
IP,20050610,1600,32.0715,32.3371,31.8747,32.1600,1557400
IP,20050613,1600,32.1363,32.7660,32.0969,32.5200,3653800
IP,20050614,1600,32.7577,33.2792,32.7282,33.2300,2831200
IP,20050615,1600,33.4372,33.5651,33.0241,33.2700,2934800
IP,20050616,1600,33.3052,34.2989,33.3052,33.6200,2725300
IP,20050617,1600,34.0386,34.0386,33.3402,33.3500,3238500
IP,20050620,1600,33.4494,33.5772,33.3510,33.4100,3274700
IP,20050621,1600,33.5047,33.6818,33.1800,33.1800,1749100
IP,20050622,1600,33.2081,33.4639,33.0900,33.0900,1865900
IP,20050623,1600,33.1104,33.1301,32.5200,32.5200,2130500
IP,20050624,1600,32.3039,32.7565,31.8021,31.9300,2579500
IP,20050627,1600,30.7331,31.3824,30.6839,30.9200,4638500
IP,20050628,1600,30.9694,31.0382,30.8808,30.9300,2496100
IP,20050629,1600,31.4945,32.8917,30.4910,30.5500,2475700
IP,20050630,1600,30.5169,30.5956,29.6708,29.7200,4513900
IP,20050701,1600,29.9779,30.1943,29.7418,29.8500,1947900
IP,20050705,1600,29.9076,30.4192,29.7699,30.3700,2671000
IP,20050706,1600,30.2321,30.2419,29.6811,29.7500,2968500
IP,20050707,1600,29.5142,29.7700,29.2781,29.7700,2480500
IP,20050708,1600,29.7658,30.1594,29.7658,30.1200,2628300
IP,20050711,1600,30.3061,30.7194,30.2077,30.6800,2640600
IP,20050712,1600,30.5713,30.8370,30.3056,30.6500,2279400
IP,20050713,1600,30.6981,30.8260,30.4914,30.5800,2194300
IP,20050714,1600,30.5046,30.7900,30.4554,30.7900,2767300
IP,20050715,1600,30.7338,30.7732,30.2321,30.3600,2136000
IP,20050718,1600,30.3668,30.3668,29.9732,30.1700,1999300
IP,20050719,1600,34.4843,34.4843,31.3950,31.7000,22799600
IP,20050720,1600,31.3487,32.2637,31.1912,31.8800,9418300
IP,20050721,1600,31.9798,32.0290,31.3500,31.3500,5081700
IP,20050722,1600,31.3555,31.3752,30.6471,31.0800,4618600
IP,20050725,1600,31.0113,31.3950,30.8342,31.0900,4121700
IP,20050726,1600,30.9481,31.2433,30.8300,30.8300,2837200
IP,20050727,1600,30.8353,30.9436,30.5008,30.5500,3707200
IP,20050728,1600,30.4805,30.7265,30.4510,30.5100,4299600
IP,20050729,1600,31.4442,31.4442,30.6768,31.0900,4713000
IP,20050801,1600,31.2360,31.2556,30.7539,30.9900,2706800
IP,20050802,1600,31.0921,31.5742,31.0429,31.2200,2213300
IP,20050803,1600,31.0997,31.1882,30.8537,31.0800,2243000
IP,20050804,1600,30.8811,31.2058,30.8024,30.9500,3064600
IP,20050805,1600,30.8474,30.9262,30.6900,30.6900,1451200
IP,20050808,1600,30.7513,30.8989,30.5939,30.8300,2454300
IP,20050809,1600,31.6810,31.6810,30.8348,31.1300,2645200
IP,20050810,1600,31.2392,31.6623,31.0621,31.1900,2414000
IP,20050811,1600,31.1006,31.1892,30.8645,31.1400,1912300
IP,20050812,1600,31.7251,31.7350,30.7903,30.8100,2196200
IP,20050815,1600,30.8018,30.9690,30.6247,30.9100,2368100
IP,20050816,1600,30.9270,31.0450,30.6810,30.7400,1706900
IP,20050817,1600,30.8431,31.3787,30.8431,31.2200,3464800
IP,20050818,1600,31.0694,31.1785,30.9504,31.0000,2276100
IP,20050819,1600,31.2465,31.2465,30.8101,30.8200,2181800
IP,20050822,1600,30.9402,31.1584,30.8411,30.9700,1561200
IP,20050823,1600,30.9731,30.9929,30.1301,30.1400,2505700
IP,20050824,1600,29.9916,30.4676,29.9916,30.1800,2062700
IP,20050825,1600,30.2500,30.3492,30.1310,30.2500,1287600
IP,20050826,1600,30.3296,30.4387,30.1015,30.2800,1618900
IP,20050829,1600,29.9799,30.1088,29.7915,29.9700,2281600
IP,20050830,1600,29.9034,30.5382,29.8538,30.3200,3108500
IP,20050831,1600,30.2727,30.6496,29.9453,30.6000,1665000
IP,20050901,1600,30.6012,30.9087,30.5020,30.7500,2228600
IP,20050902,1600,30.8658,30.9353,30.2608,30.3600,1233000
IP,20050906,1600,30.6049,31.2297,30.3966,31.1900,3327500
IP,20050907,1600,31.3284,31.4871,30.8722,31.1400,1603300
IP,20050908,1600,31.1481,31.2870,30.8306,30.9100,2167300
IP,20050909,1600,31.0445,31.9768,31.0048,31.5900,2963800
IP,20050912,1600,31.6502,31.7692,31.4419,31.6700,1533800
IP,20050913,1600,31.6659,31.6759,31.1403,31.1800,1730300
IP,20050914,1600,31.1127,31.7871,30.9838,31.4400,2352400
IP,20050915,1600,31.7374,31.8366,31.3803,31.4200,2746800
IP,20050916,1600,31.4191,31.5183,31.0323,31.3100,3946500
IP,20050919,1600,31.1753,31.1852,30.5603,30.6000,2616600
IP,20050920,1600,30.6922,31.2575,30.6526,30.9600,3814200
IP,20050921,1600,30.7965,30.9651,30.3700,30.3700,2065300
IP,20050922,1600,30.2395,30.3288,30.0412,30.1800,2668500
IP,20050923,1600,29.9310,30.0698,29.6533,30.0500,3388600
IP,20050926,1600,30.3374,30.3374,29.8018,30.0200,1425200
IP,20050927,1600,30.0584,30.2468,29.6816,29.8700,1940700
IP,20050928,1600,29.7575,29.8864,29.4103,29.4500,2681000
IP,20050929,1600,29.3831,29.7500,29.2046,29.7500,2710600
IP,20050930,1600,29.6195,29.7088,29.3715,29.5600,3739800
IP,20051003,1600,29.5976,29.5976,29.1612,29.3100,1730500
IP,20051004,1600,29.5033,29.5033,28.6901,28.7000,2325000
IP,20051005,1600,28.7074,28.7074,28.0825,28.3900,2643500
IP,20051006,1600,28.5049,28.5148,27.8206,27.8900,5424400
IP,20051007,1600,28.0311,28.3187,27.8922,28.1600,2440900
IP,20051010,1600,28.1478,28.2271,27.7709,27.8800,2025900
IP,20051011,1600,27.8794,28.0679,27.6116,27.8100,2141200
IP,20051012,1600,27.6767,27.8553,27.2700,27.2700,2993900
IP,20051013,1600,27.1780,27.3962,26.7515,26.9300,4692500
IP,20051014,1600,27.1486,27.1685,26.7816,26.9800,3871500
IP,20051017,1600,26.9804,27.0399,26.8415,27.0300,4125900
IP,20051018,1600,27.4491,27.6474,27.3103,27.3400,4773200
IP,20051019,1600,27.3521,27.6496,27.1240,27.6000,4112300
IP,20051020,1600,27.7678,27.8670,27.3811,27.5100,5218900
IP,20051021,1600,27.7205,27.7800,27.2742,27.7800,4427800
IP,20051024,1600,27.7829,28.1698,27.7234,28.1400,2347100
IP,20051025,1600,28.4643,28.6031,27.6907,27.7700,3306700
IP,20051026,1600,27.9738,28.5988,27.9738,28.4500,3854100
IP,20051027,1600,28.4473,28.6556,28.1101,28.1200,2096700
IP,20051028,1600,28.3225,28.6200,28.2035,28.6200,2571100
IP,20051031,1600,28.6028,28.9698,28.3648,28.9400,2035300
IP,20051101,1600,28.9609,29.0700,28.8320,29.0700,2356400
IP,20051102,1600,28.9544,29.6984,28.8652,29.5000,2678600
IP,20051103,1600,29.5576,29.5972,29.1807,29.2600,1819100
IP,20051104,1600,29.2589,29.3481,28.6241,29.1200,1561900
IP,20051107,1600,29.2228,29.5700,29.1335,29.5700,1697400
IP,20051108,1600,29.5180,29.5379,29.2106,29.2800,1789000
IP,20051109,1600,29.1593,29.2882,28.9411,29.0700,1559300
IP,20051110,1600,29.0719,29.3695,28.7843,29.3100,1671300
IP,20051111,1600,29.3123,29.6396,29.1734,29.5900,1869100
IP,20051114,1600,31.0529,31.1422,30.0413,30.2000,6306600
IP,20051115,1600,30.2407,30.7167,30.1514,30.3200,3625300
IP,20051116,1600,30.3900,30.6900,30.3800,30.5200,1842300
IP,20051117,1600,30.5300,30.9600,30.5100,30.9600,1736000
IP,20051118,1600,31.3000,31.3300,30.8500,30.8900,2594900
IP,20051121,1600,31.0800,31.6000,31.0000,31.6000,2245700
IP,20051122,1600,31.4500,31.6800,31.1000,31.6200,1998600
IP,20051123,1600,31.5700,31.7400,31.3300,31.4100,1207500
IP,20051125,1600,31.5500,31.7500,31.3400,31.4100,700900
IP,20051128,1600,31.5000,31.6000,31.1500,31.2600,1259700
IP,20051129,1600,31.6500,32.2000,31.3100,31.9600,2923900
IP,20051130,1600,31.9700,32.0900,31.5000,31.5300,2001800
IP,20051201,1600,31.8000,32.9000,31.7400,32.8600,3586100
IP,20051202,1600,33.0000,34.1400,33.0000,33.4600,4257600
IP,20051205,1600,33.2400,33.5000,32.7100,33.0600,2737000
IP,20051206,1600,33.3000,33.5000,33.0600,33.1900,2240800
IP,20051207,1600,33.2500,33.8800,33.2500,33.8800,2425200
IP,20051208,1600,33.7100,34.0300,33.4700,33.6500,2115600
IP,20051209,1600,33.1800,33.9700,33.1800,33.8300,1732700
IP,20051212,1600,34.0500,34.3400,33.9400,34.0700,2602700
IP,20051213,1600,34.0700,34.3000,33.8800,34.0200,2138200
IP,20051214,1600,33.8700,34.0300,33.6100,33.7000,1374400
IP,20051215,1600,33.8500,34.0500,33.6800,33.8000,2844600
IP,20051216,1600,33.7200,33.9000,33.6000,33.6900,3332200
IP,20051219,1600,33.6200,33.9100,33.4600,33.5100,2123000
IP,20051220,1600,33.4000,33.7200,33.2000,33.3200,2208900
IP,20051221,1600,33.4000,34.1600,33.4000,34.1200,1883400
IP,20051222,1600,34.3000,34.4800,34.0500,34.4800,1482100
IP,20051223,1600,34.4800,34.4900,34.0400,34.4300,1407700
IP,20051227,1600,34.5300,34.9000,34.3300,34.5100,1528300
IP,20051228,1600,34.4500,34.5900,34.1500,34.5300,1380200
IP,20051229,1600,34.3600,34.4500,34.0600,34.2200,1677100
IP,20051230,1600,33.9500,34.1000,33.3900,33.6100,2492200
IP,20060103,1600,34.0400,34.0400,33.1100,33.4900,2787800
IP,20060104,1600,33.4400,33.7800,33.4000,33.7500,2076000
IP,20060105,1600,33.5700,33.6400,33.4000,33.6400,1590000
IP,20060106,1600,33.8000,34.2500,33.6000,34.1800,2059400
IP,20060109,1600,34.4700,34.4700,33.6900,33.9100,2404400
IP,20060110,1600,33.7200,34.3200,33.3800,34.2500,1720700
IP,20060111,1600,34.3700,34.5800,33.9800,34.0300,1624900
IP,20060112,1600,33.9000,33.9900,33.4000,33.4000,1621900
IP,20060113,1600,33.3800,33.4700,32.8800,33.2500,1698900
IP,20060117,1600,32.9500,33.3300,32.8500,33.2800,1662200
IP,20060118,1600,33.1000,33.1900,32.6300,32.8100,1491200
IP,20060119,1600,32.4000,32.9300,32.4000,32.6100,1785600
IP,20060120,1600,33.4000,33.4000,32.1000,32.2600,3191800
IP,20060123,1600,32.4000,32.7100,32.3800,32.6600,4303400
IP,20060124,1600,32.7000,32.9900,32.4100,32.4100,3172700
IP,20060125,1600,32.4200,32.6600,32.2000,32.5500,3363900
IP,20060126,1600,32.6500,32.7500,32.5100,32.6700,3896800
