Ticker,Date,Time,Open,High,Low,Close,Vol
JNJ,20030303,1600,52.1968,52.4717,51.3033,51.4800,5654400
JNJ,20030304,1600,51.4965,51.9973,50.7502,50.7600,5474600
JNJ,20030305,1600,50.5932,51.9484,50.5736,51.8600,6676900
JNJ,20030306,1600,51.6526,52.7721,51.3580,52.3400,9287200
JNJ,20030307,1600,51.5997,54.3884,51.5703,54.3000,13278900
JNJ,20030310,1600,53.5624,54.2006,52.9733,53.1500,7114000
JNJ,20030311,1600,53.5295,53.9910,52.9894,53.5000,7362500
JNJ,20030312,1600,53.5133,53.8078,53.1107,53.6900,8918100
JNJ,20030313,1600,53.6944,54.5978,53.2525,54.4800,9637200
JNJ,20030314,1600,54.6515,54.8675,53.8071,54.1900,7588000
JNJ,20030317,1600,53.4651,55.4780,53.4160,55.3700,8218600
JNJ,20030318,1600,55.3671,55.8776,55.0627,55.7500,7218700
JNJ,20030319,1600,55.8085,56.4075,54.9936,56.2700,6828100
JNJ,20030320,1600,56.1340,56.4580,55.4761,56.3500,5865900
JNJ,20030321,1600,57.1289,57.6198,56.3433,57.6100,8689200
JNJ,20030324,1600,56.0636,56.9277,55.6218,55.7200,7233800
JNJ,20030325,1600,55.4805,56.3642,55.0189,56.0500,7645200
JNJ,20030326,1600,56.0623,56.0819,55.4731,55.6400,6640500
JNJ,20030327,1600,54.9874,56.3031,54.6928,55.9300,5517600
JNJ,20030328,1600,54.9850,56.5560,54.9850,56.3400,5706900
JNJ,20030331,1600,55.7203,57.3895,55.7203,56.8200,9597600
JNJ,20030401,1600,56.8200,57.5367,56.6334,57.3600,7793200
JNJ,20030402,1600,57.2125,57.6151,56.7314,57.3500,8450400
JNJ,20030403,1600,56.8717,57.3332,56.2040,56.4200,7423500
JNJ,20030404,1600,56.4660,56.9471,56.3089,56.7900,6748300
JNJ,20030407,1600,56.7907,58.0083,56.1624,56.2900,7225600
JNJ,20030408,1600,56.5386,56.9510,56.1654,56.4600,5420100
JNJ,20030409,1600,55.9943,57.0549,55.9943,56.2300,6111200
JNJ,20030410,1600,56.6808,56.6808,55.6890,56.1800,6612800
JNJ,20030411,1600,56.6738,57.0862,56.2909,56.3400,5898700
JNJ,20030414,1600,56.3570,56.9462,56.2195,56.7400,4927300
JNJ,20030415,1600,55.4806,56.1680,54.4987,54.9700,13151900
JNJ,20030416,1600,54.9714,55.1874,52.9779,53.4100,14857600
JNJ,20030417,1600,53.5192,54.4423,53.5192,54.0200,7654900
JNJ,20030421,1600,54.5171,54.8902,54.0458,54.3600,5406400
JNJ,20030422,1600,53.7641,55.3844,53.7347,55.0800,7359300
JNJ,20030423,1600,55.1809,55.9664,55.0336,55.7700,6474800
JNJ,20030424,1600,56.3716,56.8233,55.3603,56.4600,12304400
JNJ,20030425,1600,56.4566,56.6137,54.7874,55.1900,8366100
JNJ,20030428,1600,55.2828,56.2942,55.1846,55.9800,4361100
JNJ,20030429,1600,55.8207,56.1742,55.4771,55.8600,5867500
JNJ,20030430,1600,55.3204,55.8113,55.1534,55.3400,6948000
JNJ,20030501,1600,55.3393,55.7320,54.5047,55.3000,6119400
JNJ,20030502,1600,54.9424,55.7280,54.5496,55.6200,6287800
JNJ,20030505,1600,55.2436,56.1274,55.2436,55.4400,5830100
JNJ,20030506,1600,55.6866,55.9713,55.3822,55.5000,6477600
JNJ,20030507,1600,55.4989,56.4808,55.4301,55.9800,7731600
JNJ,20030508,1600,55.9797,55.9797,55.0370,55.4200,4605500
JNJ,20030509,1600,54.5934,55.5262,54.5934,55.3200,5803500
JNJ,20030512,1600,55.0813,55.2187,54.5510,55.1500,7878200
JNJ,20030513,1600,54.9910,54.9910,54.1563,54.5000,7999900
JNJ,20030514,1600,54.8606,54.8901,54.0161,54.3500,7506700
JNJ,20030515,1600,54.4891,54.9310,54.2436,54.4400,5033400
JNJ,20030516,1600,54.4514,55.4771,54.4514,55.2700,6511800
JNJ,20030519,1600,54.9353,55.0931,53.2586,53.8800,13579600
JNJ,20030520,1600,54.0585,54.3839,52.5892,53.2400,10068600
JNJ,20030521,1600,53.3510,53.5778,52.4437,52.7100,9953700
JNJ,20030522,1600,52.7090,53.1922,52.4822,52.6400,8354700
JNJ,20030523,1600,52.5375,52.6559,51.8767,52.3600,7360400
JNJ,20030527,1600,51.9700,52.8575,51.8221,52.6800,9297900
JNJ,20030528,1600,52.9594,53.1074,52.4959,52.9200,7836300
JNJ,20030529,1600,53.1628,53.3896,52.4824,52.6500,9358300
JNJ,20030530,1600,52.8110,53.6493,52.6138,53.6000,8080800
JNJ,20030602,1600,53.6045,53.9004,52.4012,52.4900,9658500
JNJ,20030603,1600,52.4887,53.3566,52.4887,53.1100,7575600
JNJ,20030604,1600,53.2311,53.6847,52.6592,53.3100,9262100
JNJ,20030605,1600,51.7734,52.5130,50.9154,51.3000,21248300
JNJ,20030606,1600,52.5131,52.6807,51.5762,52.0200,15792900
JNJ,20030609,1600,51.7730,52.3845,51.3687,51.9900,8017600
JNJ,20030610,1600,52.0481,52.1171,51.1803,51.9100,8865100
JNJ,20030611,1600,52.1911,52.2700,51.3824,52.2700,10413800
JNJ,20030612,1600,52.5103,53.4175,52.3624,52.5300,10491800
JNJ,20030613,1600,52.7076,53.0528,51.6722,51.8300,7977500
JNJ,20030616,1600,52.2696,53.3446,52.1414,52.9600,9545300
JNJ,20030617,1600,53.7929,54.4733,53.6056,54.0000,10924900
JNJ,20030618,1600,53.9928,54.4267,53.8646,54.1900,8722200
JNJ,20030619,1600,54.7350,54.8040,53.3050,53.6600,7412300
JNJ,20030620,1600,54.0945,54.2424,53.6507,53.7000,9671000
JNJ,20030623,1600,53.3496,53.5961,52.1169,52.6100,9568500
JNJ,20030624,1600,52.6096,53.0435,51.8700,51.8700,9972900
JNJ,20030625,1600,51.7796,52.4503,51.6612,51.7500,6201700
JNJ,20030626,1600,51.5011,53.1185,51.4814,51.5800,8849400
JNJ,20030627,1600,50.5440,51.7275,50.0509,50.8300,16472200
JNJ,20030630,1600,51.3648,51.6508,50.9012,50.9900,10305900
JNJ,20030701,1600,50.9899,51.9170,50.7828,51.7000,9099000
JNJ,20030702,1600,51.4402,52.3278,51.4303,52.1700,8393800
JNJ,20030703,1600,52.1712,52.5164,51.6190,52.2600,5787000
JNJ,20030707,1600,52.4966,52.9404,51.8752,52.2500,8643500
JNJ,20030708,1600,51.7501,52.2729,51.2866,51.7600,10533000
JNJ,20030709,1600,51.4268,51.7621,51.0324,51.2000,10657100
JNJ,20030710,1600,50.6879,51.2796,50.5006,50.5400,7541400
JNJ,20030711,1600,50.7360,51.2093,50.6275,51.1600,7078000
JNJ,20030714,1600,52.5641,53.4912,52.1795,52.8600,11927300
JNJ,20030715,1600,53.2006,53.4372,51.7904,51.8200,14243000
JNJ,20030716,1600,51.5742,52.3138,51.4756,51.8700,8439300
JNJ,20030717,1600,52.1220,52.1713,51.3034,51.5500,7052000
JNJ,20030718,1600,51.7240,52.0199,51.1323,52.0100,7109900
JNJ,20030721,1600,51.9520,52.0112,50.5418,50.6700,7386400
JNJ,20030722,1600,50.5963,51.2670,50.3596,51.0500,5973400
JNJ,20030723,1600,51.2532,51.6871,50.5234,51.4800,6448400
JNJ,20030724,1600,51.7790,51.9960,50.8716,50.9900,5811500
JNJ,20030725,1600,50.5435,51.5297,50.5435,51.5100,5566800
JNJ,20030728,1600,51.0459,51.2234,50.5823,50.7500,7658800
JNJ,20030729,1600,50.7880,50.9260,49.8511,49.9300,9468700
JNJ,20030730,1600,50.2516,50.4193,49.9360,50.3700,7023400
JNJ,20030731,1600,50.8926,51.9282,50.5869,51.0800,9118200
JNJ,20030801,1600,50.2428,50.2428,49.4539,49.7300,9969800
JNJ,20030804,1600,49.7324,50.2945,49.2787,49.9000,7644700
JNJ,20030805,1600,50.0367,50.0466,49.0900,49.0900,6961000
JNJ,20030806,1600,49.3030,50.0822,49.0269,49.5200,9183800
JNJ,20030807,1600,49.3837,51.2084,49.3443,51.0900,8894900
JNJ,20030808,1600,51.2866,51.5331,50.5469,51.0400,5812500
JNJ,20030811,1600,50.7925,51.2166,50.6445,50.9700,4549400
JNJ,20030812,1600,50.8853,50.9543,49.5836,50.5500,9200300
JNJ,20030813,1600,50.5957,50.7141,49.9251,50.2900,5934200
JNJ,20030814,1600,50.3986,50.5959,50.0041,50.3000,5158600
JNJ,20030815,1600,50.5800,50.7187,50.2332,50.5800,3628500
JNJ,20030818,1600,50.4059,50.6239,49.8906,49.9600,5409600
JNJ,20030819,1600,50.4323,50.4323,49.2829,49.6000,9500600
JNJ,20030820,1600,49.5403,50.0357,49.3124,49.5700,7051600
JNJ,20030821,1600,49.3464,49.7724,48.7518,48.9500,9703700
JNJ,20030822,1600,49.0405,49.5359,48.5549,49.0900,11107900
JNJ,20030825,1600,49.2587,49.3776,48.8624,49.1200,5767800
JNJ,20030826,1600,49.2200,49.4677,48.5759,49.2200,7533700
JNJ,20030827,1600,48.8595,49.1172,48.7505,48.8100,6424000
JNJ,20030828,1600,48.8089,48.8981,48.5513,48.6900,6193000
JNJ,20030829,1600,48.6940,49.3183,48.5652,49.1300,9042400
JNJ,20030902,1600,49.3220,49.6688,48.9554,49.5400,8743800
JNJ,20030903,1600,49.5422,49.8097,49.0270,49.7800,10443900
JNJ,20030904,1600,50.0258,50.8085,49.7186,50.6500,10095200
JNJ,20030905,1600,50.4066,50.6444,49.8319,50.0400,6484500
JNJ,20030908,1600,50.5129,51.0084,50.4337,50.8300,9227800
JNJ,20030909,1600,50.7800,50.9683,50.5125,50.7800,6998800
JNJ,20030910,1600,50.7773,51.8374,50.7079,51.5600,12737700
JNJ,20030911,1600,51.8195,52.0177,51.4628,51.7700,8816200
JNJ,20030912,1600,51.5564,51.5663,50.9024,51.1600,9696900
JNJ,20030915,1600,50.5782,51.9259,49.6962,50.3800,21815700
JNJ,20030916,1600,50.3900,50.5981,49.9936,50.3900,11059100
JNJ,20030917,1600,50.1662,50.3644,49.6411,49.7600,9030800
JNJ,20030918,1600,49.7449,50.4385,49.7251,50.2800,7944300
JNJ,20030919,1600,50.2761,50.2761,49.6816,49.8500,9730000
JNJ,20030922,1600,49.6407,49.7299,49.3534,49.7200,6628000
JNJ,20030923,1600,49.8870,50.0356,49.4807,49.5600,7070800
JNJ,20030924,1600,49.5648,49.5648,48.9505,49.0000,9569000
JNJ,20030925,1600,49.0106,49.4466,49.0007,49.0800,6957700
JNJ,20030926,1600,49.0768,49.1858,48.6408,48.7300,7817700
JNJ,20030929,1600,48.7263,49.4594,48.6767,49.4000,8355600
JNJ,20030930,1600,49.2583,49.3673,48.8322,49.0700,8676900
JNJ,20031001,1600,49.2551,49.8100,48.9480,49.8100,9406600
JNJ,20031002,1600,49.9292,49.9292,49.4932,49.8400,6463400
JNJ,20031003,1600,50.2643,50.4823,49.5410,49.6500,6881200
JNJ,20031006,1600,49.6604,49.9774,49.3037,49.7000,5738500
JNJ,20031007,1600,49.5806,49.7589,49.3428,49.6400,7125000
JNJ,20031008,1600,49.6075,49.6471,49.1516,49.3300,6486900
JNJ,20031009,1600,49.7426,49.7723,48.7319,48.9400,10796700
JNJ,20031010,1600,48.9386,48.9386,48.6216,48.7900,6755200
JNJ,20031013,1600,49.2508,49.4094,49.0427,49.3400,5346900
JNJ,20031014,1600,50.1628,50.5095,49.9349,50.4600,14548500
JNJ,20031015,1600,50.6345,50.6841,49.8418,50.0400,12480200
JNJ,20031016,1600,50.0417,50.2895,49.8634,50.2300,6534700
JNJ,20031017,1600,50.3959,50.4256,49.8113,49.9500,7347500
JNJ,20031020,1600,50.1403,50.3186,49.9025,50.1700,5039700
JNJ,20031021,1600,50.1819,50.5585,50.1026,50.3900,7156800
JNJ,20031022,1600,49.7373,50.2228,49.2915,49.4500,7735900
JNJ,20031023,1600,49.4932,49.9886,49.4635,49.8400,6739200
JNJ,20031024,1600,49.8504,49.8900,49.1964,49.8900,7064400
JNJ,20031027,1600,49.8860,50.2031,49.3213,49.4600,5234800
JNJ,20031028,1600,49.5350,50.0899,49.3963,50.0800,6850800
JNJ,20031029,1600,50.0407,50.1002,47.6130,49.0300,27913000
JNJ,20031030,1600,49.0300,49.4858,48.8417,49.0300,10683700
JNJ,20031031,1600,49.1467,49.8700,49.1368,49.8700,10290300
JNJ,20031103,1600,49.6273,49.7462,49.2904,49.3300,6867700
JNJ,20031104,1600,48.8982,49.2053,48.5514,48.7000,7687600
JNJ,20031105,1600,48.5018,49.1954,48.3136,48.7000,7414600
JNJ,20031106,1600,48.6506,48.7993,48.3038,48.7200,6903000
JNJ,20031107,1600,48.5185,49.3310,48.3006,48.3600,6379700
JNJ,20031110,1600,48.3494,48.5277,47.8143,48.2800,6036000
JNJ,20031111,1600,48.2931,48.7885,48.0950,48.6300,6447100
JNJ,20031112,1600,48.9905,49.0500,48.6735,49.0500,5537300
JNJ,20031113,1600,48.9585,50.2070,48.8198,49.8800,11116400
JNJ,20031114,1600,50.4564,52.2185,50.3668,51.8900,21457900
JNJ,20031117,1600,51.2708,51.8283,51.1015,51.4400,6821900
JNJ,20031118,1600,51.7000,52.6558,51.4512,51.7100,10571900
JNJ,20031119,1600,51.6716,52.2590,51.6716,52.0300,6516900
JNJ,20031120,1600,51.8175,52.0166,51.1505,51.2600,6020100
JNJ,20031121,1600,51.2674,51.2773,50.3812,50.6600,7780800
JNJ,20031124,1600,49.9060,51.2699,49.9060,51.2500,7948700
JNJ,20031125,1600,51.0077,51.0077,50.2111,50.4700,11494200
JNJ,20031126,1600,50.4955,50.4955,48.9822,49.4800,16251300
JNJ,20031128,1600,49.0302,49.3289,48.9804,49.0800,5466300
JNJ,20031201,1600,50.0764,50.0764,49.0809,49.2800,10666100
JNJ,20031202,1600,49.2777,49.2777,48.7201,48.7400,11245300
JNJ,20031203,1600,48.9798,49.2287,48.7907,48.9400,10067000
JNJ,20031204,1600,49.0503,49.3290,48.8910,49.1100,7913700
JNJ,20031205,1600,49.3581,49.4676,48.7708,48.9400,7078800
JNJ,20031208,1600,49.1422,50.0581,49.0824,49.6300,11066100
JNJ,20031209,1600,49.9294,50.0489,49.6307,49.7900,10652200
JNJ,20031210,1600,49.7911,50.0798,49.6815,50.0300,8141400
JNJ,20031211,1600,49.6804,50.0189,49.6804,49.7800,7535700
JNJ,20031212,1600,48.5727,49.6280,48.5727,49.1700,10924400
JNJ,20031215,1600,49.8772,49.8772,49.0309,49.2400,12387200
JNJ,20031216,1600,49.1104,49.5086,48.9013,49.2000,10641600
JNJ,20031217,1600,49.0802,49.3092,48.9110,49.1300,7847100
JNJ,20031218,1600,48.9834,49.7500,48.9834,49.7500,9461900
JNJ,20031219,1600,49.9796,49.9796,49.6709,49.8800,12128400
JNJ,20031222,1600,49.8617,50.2600,49.6726,50.2600,7724500
JNJ,20031223,1600,50.0114,50.5490,49.9815,50.3300,8099500
JNJ,20031224,1600,50.3308,50.5200,50.0819,50.5100,2983100
JNJ,20031226,1600,50.3403,50.4896,50.2805,50.4000,1279600
JNJ,20031229,1600,50.6218,51.0200,50.5123,51.0200,6589200
JNJ,20031230,1600,51.0205,51.3889,50.7717,51.1400,5881800
JNJ,20031231,1600,51.0616,51.5096,50.9820,51.4300,5580900
JNJ,20040102,1600,51.4300,51.8581,51.1712,51.4300,6463600
JNJ,20040105,1600,51.7698,51.8495,51.2720,51.7300,8433800
JNJ,20040106,1600,51.4801,51.8584,51.3208,51.5000,7298000
JNJ,20040107,1600,51.4204,51.5499,51.2313,51.5200,7279200
JNJ,20040108,1600,51.5211,51.7600,51.2722,51.7600,6464900
JNJ,20040109,1600,51.6678,51.6678,51.1600,51.1700,6427300
JNJ,20040112,1600,51.2640,52.2695,51.2540,52.1600,10459500
JNJ,20040113,1600,52.1693,52.5178,51.8109,52.0200,7402800
JNJ,20040114,1600,51.9492,52.1782,51.6605,51.7700,6410600
JNJ,20040115,1600,51.8390,52.5160,51.4308,51.6100,7112400
JNJ,20040116,1600,51.2655,51.2655,50.2101,50.2300,15364000
JNJ,20040120,1600,50.5731,51.7180,50.5731,51.2700,14023400
JNJ,20040121,1600,51.2846,52.4196,51.2746,52.3300,11084500
JNJ,20040122,1600,52.4217,52.9793,52.3919,52.8200,8893500
JNJ,20040123,1600,53.0687,53.3176,52.5211,52.7700,9367400
JNJ,20040126,1600,52.7721,53.3795,52.6527,53.2700,7999100
JNJ,20040127,1600,53.1197,53.4682,53.0500,53.0500,8900400
JNJ,20040128,1600,53.1690,53.3880,52.8802,52.9300,8381300
JNJ,20040129,1600,52.9631,53.7993,52.7938,53.6500,7692000
JNJ,20040130,1600,53.5883,53.6878,53.1203,53.1900,6592900
JNJ,20040202,1600,53.1705,53.6484,52.8122,53.2900,7009400
JNJ,20040203,1600,53.4108,53.6697,53.1719,53.6000,5047600
JNJ,20040204,1600,53.7422,54.5785,53.6128,54.2400,9436700
JNJ,20040205,1600,54.3098,54.6085,54.1206,54.2600,7138300
JNJ,20040206,1600,54.2485,54.4078,53.8304,53.9100,6603100
JNJ,20040209,1600,53.9895,54.0592,53.3822,53.8700,6071800
JNJ,20040210,1600,53.8714,54.4090,53.8316,54.1900,5686200
JNJ,20040211,1600,54.0416,54.5992,53.7629,54.4100,7302400
JNJ,20040212,1600,54.4900,54.9000,54.3100,54.6000,5764400
JNJ,20040213,1600,54.6200,54.8600,54.0900,54.2300,4994700
JNJ,20040217,1600,54.4800,54.6300,54.1900,54.4100,4818400
JNJ,20040218,1600,54.1000,54.2200,53.8200,53.8900,4725700
JNJ,20040219,1600,54.0000,54.1500,53.5600,53.5700,8285800
JNJ,20040220,1600,53.7500,53.7900,53.2500,53.3000,7212400
JNJ,20040223,1600,53.4900,53.4900,52.7900,53.0500,7412800
JNJ,20040224,1600,53.5100,54.3200,53.5100,54.1800,12268600
JNJ,20040225,1600,53.9500,54.3200,53.7500,54.0600,7286100
JNJ,20040226,1600,53.6800,54.2900,53.6800,53.9700,4962700
JNJ,20040227,1600,54.0000,54.4000,53.9000,53.9100,4967100
JNJ,20040301,1600,54.4900,54.4900,53.5100,53.7600,6921500
JNJ,20040302,1600,53.5200,53.7000,52.8100,52.8700,10710000
JNJ,20040303,1600,52.7000,53.4000,52.7000,53.2200,6706500
JNJ,20040304,1600,53.0500,53.2200,52.8400,53.0300,3958000
JNJ,20040305,1600,52.8200,53.5300,52.7700,53.1300,7141300
JNJ,20040308,1600,53.4300,53.7600,52.9900,53.1000,5588400
JNJ,20040309,1600,53.0400,53.0500,52.5500,52.6700,6423800
JNJ,20040310,1600,52.6100,52.7400,51.7300,51.7700,9345100
JNJ,20040311,1600,51.6500,52.3000,51.0000,51.1100,9841900
JNJ,20040312,1600,51.1500,51.2400,50.5000,50.7100,10039500
JNJ,20040315,1600,50.7100,51.1000,50.2900,50.5700,7877500
JNJ,20040316,1600,50.7700,51.2200,50.6100,51.0800,6583200
JNJ,20040317,1600,51.3000,51.6400,50.6200,50.8800,7599200
JNJ,20040318,1600,50.9200,51.3700,50.8900,50.9800,6196900
JNJ,20040319,1600,50.9900,51.1400,50.0100,50.0500,10158900
JNJ,20040322,1600,50.0500,50.0600,49.2500,49.5000,9306200
JNJ,20040323,1600,50.0300,50.0300,49.3500,49.6500,6573300
JNJ,20040324,1600,49.5500,49.9900,49.5000,49.6500,6845700
JNJ,20040325,1600,49.9500,50.2600,49.4500,50.2000,9804900
JNJ,20040326,1600,50.5000,50.5000,50.0500,50.1300,5767800
JNJ,20040329,1600,50.4100,50.8700,50.4000,50.5700,6578300
JNJ,20040330,1600,50.5100,50.8500,50.2800,50.4200,5754900
JNJ,20040331,1600,50.5500,50.9200,50.3000,50.7200,7201900
JNJ,20040401,1600,51.0500,51.2300,50.3700,50.5200,6380700
JNJ,20040402,1600,49.9000,51.2500,49.9000,51.1800,7411400
JNJ,20040405,1600,51.1800,51.5200,50.8100,51.5200,7122000
JNJ,20040406,1600,51.1000,51.5000,51.0600,51.4800,5042500
JNJ,20040407,1600,51.4800,51.7400,51.2900,51.3800,6221500
JNJ,20040408,1600,51.7500,51.8000,50.5300,50.8700,8022200
JNJ,20040412,1600,50.8600,51.2500,50.8100,51.2000,5346000
JNJ,20040413,1600,51.9400,52.1000,51.3400,51.3900,10773300
JNJ,20040414,1600,51.3300,52.6000,51.2600,52.6000,9254300
JNJ,20040415,1600,52.9800,54.7700,52.8700,54.5200,19346800
JNJ,20040416,1600,54.6700,54.6900,53.8000,54.1300,11372700
JNJ,20040419,1600,53.7700,54.0600,53.3900,53.9200,7614800
JNJ,20040420,1600,53.7100,53.7800,53.0400,53.1300,7574100
JNJ,20040421,1600,53.0500,53.9500,53.0200,53.6800,7676200
JNJ,20040422,1600,53.4300,53.9800,53.2100,53.6400,7143200
JNJ,20040423,1600,53.5400,53.8600,53.3500,53.6800,5926700
JNJ,20040426,1600,53.6900,53.9800,53.5700,53.9000,5911500
JNJ,20040427,1600,53.9000,54.6500,53.8900,54.3600,8520100
JNJ,20040428,1600,54.2500,54.4700,53.9100,54.1900,6545900
JNJ,20040429,1600,54.1500,54.2600,53.6800,54.1000,6278100
JNJ,20040430,1600,54.0300,54.5500,53.8800,54.0300,7359100
JNJ,20040503,1600,54.2200,54.9900,54.1400,54.9300,7374300
JNJ,20040504,1600,54.7800,55.0100,54.4200,54.8000,6534900
JNJ,20040505,1600,54.5000,54.7400,54.0200,54.0800,6399200
JNJ,20040506,1600,54.0400,55.0400,54.0200,54.8400,8673000
JNJ,20040507,1600,55.0200,55.9800,54.9600,55.3000,11046000
JNJ,20040510,1600,54.7700,55.9500,54.7700,55.4500,11477400
JNJ,20040511,1600,55.8900,56.3900,54.9100,55.1400,8244600
JNJ,20040512,1600,55.0000,55.2700,54.5100,55.2400,5792000
JNJ,20040513,1600,55.2400,55.2500,54.5700,54.8400,5029000
JNJ,20040514,1600,54.5400,54.9800,54.0700,54.5200,5393000
JNJ,20040517,1600,54.1800,55.1000,54.1300,54.7000,6229800
JNJ,20040518,1600,54.8700,54.8900,54.5300,54.6300,5361600
JNJ,20040519,1600,54.7900,54.8400,54.2800,54.2800,5748700
JNJ,20040520,1600,54.2400,54.7900,54.2200,54.5800,4560300
JNJ,20040521,1600,54.6800,55.0400,54.5600,54.9400,6605800
JNJ,20040524,1600,54.9900,55.0800,54.2300,54.3100,6242700
JNJ,20040525,1600,54.1500,55.7000,54.1200,55.3600,8148300
JNJ,20040526,1600,55.2000,55.9200,55.1700,55.4800,9073300
JNJ,20040527,1600,55.6500,55.8800,55.5700,55.7900,5652800
JNJ,20040528,1600,55.6000,55.8400,54.9200,55.7100,5505500
JNJ,20040601,1600,55.2300,55.8800,55.1500,55.7700,5164300
JNJ,20040602,1600,55.8200,56.5500,55.7600,56.2000,7908500
JNJ,20040603,1600,56.0000,56.9300,55.9700,56.5900,8850000
JNJ,20040604,1600,56.5800,56.7900,56.2800,56.3800,5193600
JNJ,20040607,1600,56.5300,56.7200,56.1700,56.7200,4924100
JNJ,20040608,1600,56.7200,57.2800,56.6500,56.9700,7499600
JNJ,20040609,1600,56.9600,56.9700,56.5800,56.7600,3891400
JNJ,20040610,1600,56.7500,57.2300,56.7000,57.0700,4404200
JNJ,20040614,1600,56.7900,57.1900,56.7900,57.0100,4257000
JNJ,20040615,1600,56.7500,56.8500,55.9300,56.2100,8312400
JNJ,20040616,1600,56.0200,56.1900,55.8600,56.0000,1945500
JNJ,20040617,1600,55.4300,55.7500,55.2300,55.5500,4750500
JNJ,20040618,1600,55.4900,55.5800,55.0200,55.2500,8468400
JNJ,20040621,1600,54.9700,55.7000,54.9600,55.2800,4514400
JNJ,20040622,1600,55.3300,55.5000,55.0100,55.3700,5235700
JNJ,20040623,1600,55.5000,55.8000,55.1400,55.6400,6199300
JNJ,20040624,1600,55.5900,56.0500,55.5500,55.7800,3264200
JNJ,20040625,1600,55.4000,55.5120,54.5000,54.5000,8379500
JNJ,20040628,1600,54.7500,55.1400,54.6800,54.9700,6590200
JNJ,20040629,1600,54.9700,56.0000,54.9600,55.7400,6198300
JNJ,20040630,1600,55.7500,55.8200,55.2800,55.7000,6122400
JNJ,20040701,1600,55.3500,55.7700,55.0600,55.4700,6363200
JNJ,20040702,1600,55.2800,56.1400,55.1200,55.3500,4800000
JNJ,20040706,1600,55.1700,55.4300,54.9200,54.9500,5752600
JNJ,20040707,1600,54.7800,54.9900,54.4300,54.5300,5457900
JNJ,20040708,1600,54.6200,55.5400,54.6000,54.7600,5780100
JNJ,20040709,1600,54.9000,55.1800,54.7800,54.9900,3899600
JNJ,20040712,1600,54.8500,55.2000,54.5100,54.8900,4227200
JNJ,20040713,1600,55.5500,55.6500,55.0500,55.3800,6373000
JNJ,20040714,1600,55.3900,56.3000,55.3600,55.9200,7503400
JNJ,20040715,1600,56.0500,56.0900,55.2600,55.3500,5474900
JNJ,20040716,1600,55.7300,58.1400,55.5000,56.8000,23213300
JNJ,20040719,1600,57.6800,57.6800,55.9100,56.4000,8860200
JNJ,20040720,1600,56.6000,56.6900,56.1000,56.2500,6166900
JNJ,20040721,1600,56.5500,56.5900,55.7000,55.7500,6014500
JNJ,20040722,1600,55.8000,56.4000,55.7500,56.2400,6924700
JNJ,20040723,1600,56.2000,56.2000,55.3800,55.7400,5245600
JNJ,20040726,1600,55.5900,55.6600,54.8600,55.4300,5885000
JNJ,20040727,1600,55.3200,55.7300,55.1200,55.6500,5083300
JNJ,20040728,1600,55.5500,55.8600,54.8000,55.6800,8636000
JNJ,20040729,1600,55.6400,55.7700,55.1700,55.4700,4837000
JNJ,20040730,1600,55.2000,55.5900,54.9900,55.2700,5033400
JNJ,20040802,1600,55.0000,55.7200,55.0000,55.5200,4140500
JNJ,20040803,1600,55.3700,55.9800,55.2700,55.4300,5937500
JNJ,20040804,1600,55.2500,55.5200,55.1800,55.3900,2163600
JNJ,20040805,1600,55.7000,56.0000,55.1000,55.2200,6130000
JNJ,20040806,1600,55.2200,55.2200,54.4000,54.6000,6053800
JNJ,20040809,1600,54.6600,54.9000,54.4600,54.4900,3450500
JNJ,20040810,1600,54.4800,54.6300,54.3700,54.6200,598900
JNJ,20040811,1600,54.7000,56.1400,54.7000,56.0000,6071100
JNJ,20040812,1600,55.8608,56.4577,55.8110,56.0100,7663000
JNJ,20040813,1600,56.2500,56.3500,55.2500,55.5400,6049000
JNJ,20040816,1600,55.5400,56.2500,55.5300,56.0900,4739500
JNJ,20040817,1600,56.1500,56.5500,56.0500,56.5400,6458700
JNJ,20040818,1600,56.5400,57.0600,56.5200,57.0300,4851600
JNJ,20040819,1600,56.7000,57.0100,56.6400,56.7800,4444400
JNJ,20040820,1600,56.6700,57.1200,56.6600,57.0400,3809300
JNJ,20040823,1600,57.1300,57.6100,57.0400,57.0500,4667300
JNJ,20040824,1600,57.4700,57.5000,57.0700,57.1700,4028100
JNJ,20040825,1600,57.2300,57.6900,57.1900,57.6600,4701100
JNJ,20040826,1600,57.6600,57.8400,57.4600,57.5200,3930800
JNJ,20040827,1600,57.6000,57.8500,57.5800,57.7100,3488200
JNJ,20040830,1600,57.6200,57.8500,57.4900,57.5400,3327600
JNJ,20040831,1600,57.5100,58.1000,57.5100,58.1000,5775900
JNJ,20040901,1600,58.0000,58.0600,57.8000,57.8900,2601900
JNJ,20040902,1600,57.6800,57.9100,57.5100,57.7000,5259800
JNJ,20040903,1600,57.8000,58.1300,57.7800,57.8500,5102200
JNJ,20040907,1600,58.0500,58.3000,57.7000,57.8600,5706000
JNJ,20040908,1600,58.2500,58.3500,58.0000,58.2600,4911000
JNJ,20040909,1600,58.2700,58.3200,57.5100,57.5100,5118500
JNJ,20040910,1600,57.4100,57.6400,57.0700,57.5700,5117200
JNJ,20040913,1600,57.8000,58.1500,57.3500,58.1500,5855000
JNJ,20040914,1600,58.0300,58.6800,58.0300,58.3500,5435500
JNJ,20040915,1600,58.2500,58.5120,58.1000,58.3315,1564600
JNJ,20040916,1600,58.1400,58.3800,58.1000,58.1200,3299700
JNJ,20040917,1600,58.3600,58.8000,58.3300,58.5200,5227100
JNJ,20040920,1600,57.7500,58.1600,57.7500,57.9200,4731500
JNJ,20040921,1600,57.9000,57.9500,57.4000,57.9000,5331500
JNJ,20040922,1600,57.5800,57.6500,57.1900,57.3000,4714500
JNJ,20040923,1600,57.0000,57.2200,56.5200,56.5600,6333600
JNJ,20040924,1600,56.4500,56.9700,56.2500,56.5500,4555900
JNJ,20040927,1600,56.3500,56.9600,56.3500,56.5300,4313000
JNJ,20040928,1600,56.6800,57.4300,56.2700,57.1000,4975300
JNJ,20040929,1600,56.9300,57.0400,56.6700,57.0300,4102400
JNJ,20040930,1600,57.2200,57.4900,56.0900,56.3300,7942900
JNJ,20041001,1600,56.3900,57.0000,56.1200,57.0000,5786400
JNJ,20041004,1600,57.0000,57.4500,56.9600,57.2500,6920800
JNJ,20041005,1600,57.3700,57.5500,57.1500,57.4600,3826700
JNJ,20041006,1600,57.5000,57.7600,57.2700,57.7500,3743100
JNJ,20041007,1600,57.6500,57.6800,55.5500,55.9200,10501300
JNJ,20041008,1600,55.4200,55.9000,55.2100,55.3200,8960900
JNJ,20041011,1600,55.1900,55.4600,54.8100,55.3600,7255600
JNJ,20041012,1600,55.5000,56.8800,55.3600,56.8200,11660700
JNJ,20041013,1600,56.9200,57.2000,56.3100,56.5100,7024600
JNJ,20041014,1600,56.4900,56.9800,56.4900,56.5200,5820600
JNJ,20041015,1600,56.7300,57.0100,56.5000,56.5800,7227200
JNJ,20041018,1600,56.2000,57.4700,56.2000,57.3200,6466400
JNJ,20041019,1600,56.8400,57.3900,56.8100,57.0900,2066200
JNJ,20041020,1600,56.3500,57.4400,56.3300,57.3700,3009200
JNJ,20041021,1600,57.3000,57.9600,57.1800,57.7800,6919400
JNJ,20041022,1600,57.7800,57.9900,57.2400,57.2900,5131100
JNJ,20041025,1600,57.1000,57.3100,56.9500,57.0800,6234900
JNJ,20041026,1600,57.0100,57.3400,56.7000,57.2300,6610400
JNJ,20041027,1600,56.9900,57.8000,56.9000,57.7700,5945100
JNJ,20041028,1600,57.5700,58.0800,57.4900,58.0400,3253300
JNJ,20041029,1600,57.9300,58.4800,57.9100,58.3800,6802000
JNJ,20041101,1600,58.3500,58.8900,58.1000,58.4400,6724600
JNJ,20041102,1600,57.8100,59.0000,57.8100,58.0400,7447500
JNJ,20041103,1600,59.2300,59.9800,59.1800,59.4500,9378800
JNJ,20041104,1600,59.2500,59.5000,58.8200,59.2200,9144900
JNJ,20041105,1600,59.1500,59.7500,59.0000,59.1800,6466200
JNJ,20041108,1600,59.3000,60.2600,59.2500,59.8400,6775300
JNJ,20041109,1600,59.8400,60.1800,59.5300,60.1300,3441000
JNJ,20041110,1600,58.5336,59.1875,58.4457,58.6800,6436700
JNJ,20041111,1600,58.5644,59.3940,58.4375,59.1500,5627500
JNJ,20041112,1600,59.4277,59.8200,59.2708,59.8200,6120300
JNJ,20041115,1600,59.8131,60.2936,59.3425,59.9700,5326500
JNJ,20041116,1600,59.9186,60.2030,59.8304,59.8500,3953700
JNJ,20041117,1600,59.7200,60.2495,59.5729,59.7200,6264900
JNJ,20041118,1600,59.7143,60.1653,59.6653,59.9300,4666700
JNJ,20041119,1600,59.8407,59.9192,59.2229,59.3700,5213900
JNJ,20041122,1600,59.3762,59.8861,59.3762,59.6900,4752300
JNJ,20041123,1600,59.6648,59.7138,59.1156,59.4000,5376000
JNJ,20041124,1600,59.4969,59.7127,59.2321,59.3400,4001300
JNJ,20041126,1600,59.1329,59.6134,59.1231,59.2800,1672900
JNJ,20041129,1600,59.3144,59.7262,58.7358,59.0300,5021800
JNJ,20041130,1600,58.9343,59.5717,58.8362,59.1500,8543200
JNJ,20041201,1600,59.1567,60.0981,59.0489,60.0000,5431500
JNJ,20041202,1600,59.7950,60.7951,59.7165,60.5500,6167000
JNJ,20041203,1600,60.5433,61.0924,60.3178,60.7100,6053700
JNJ,20041206,1600,60.4633,60.7869,60.4633,60.6300,3369400
JNJ,20041207,1600,59.8676,60.7502,59.1812,59.2400,11385900
JNJ,20041208,1600,59.7443,60.2542,59.6168,59.9600,5990700
JNJ,20041209,1600,59.9631,60.3063,59.5709,60.1200,7539100
JNJ,20041210,1600,60.2959,61.3746,59.0800,59.0800,8732900
JNJ,20041213,1600,59.3031,59.6365,58.4402,59.4600,8681000
JNJ,20041214,1600,59.3280,60.3773,59.1613,60.2400,7057700
JNJ,20041215,1600,59.8671,60.1907,59.4454,59.7200,7329000
JNJ,20041216,1600,60.6020,62.9947,60.3568,62.2200,28705900
JNJ,20041217,1600,61.7420,63.0070,61.7322,62.3500,18006800
JNJ,20041220,1600,62.3501,62.6639,61.7029,61.8500,8646100
JNJ,20041221,1600,61.8575,61.8771,61.4064,61.7300,9117100
JNJ,20041222,1600,61.0894,62.1779,61.0894,62.0700,6678000
JNJ,20041223,1600,61.8306,62.5269,61.8306,62.3700,5552700
JNJ,20041227,1600,62.5452,62.7413,62.3000,62.3000,4677700
JNJ,20041228,1600,62.5200,62.6573,62.3631,62.5200,4089000
JNJ,20041229,1600,62.3686,62.4667,62.1235,62.3000,4583100
JNJ,20041230,1600,62.4671,62.6044,62.2710,62.3200,3206800
JNJ,20041231,1600,62.4646,62.5136,62.1017,62.1900,2949600
JNJ,20050103,1600,62.1213,62.3174,61.4741,61.6800,7859500
JNJ,20050104,1600,61.8722,62.0095,61.4016,61.4800,6989600
JNJ,20050105,1600,61.6459,61.8616,61.3714,61.4400,6888100
JNJ,20050106,1600,61.5317,61.8651,61.4729,61.6200,5277500
JNJ,20050107,1600,61.7628,61.7825,61.3608,61.4000,5037800
JNJ,20050110,1600,61.5172,61.9977,61.3897,61.8800,5419300
JNJ,20050111,1600,61.6306,61.8757,61.4149,61.6600,4880000
JNJ,20050112,1600,61.7272,62.1783,61.3546,62.0900,6093800
JNJ,20050113,1600,61.9272,62.0644,60.6817,60.7700,9014700
JNJ,20050114,1600,61.2349,61.5290,61.0093,61.4800,6820200
JNJ,20050118,1600,61.0255,61.8394,61.0255,61.8100,6122900
JNJ,20050119,1600,61.8059,62.0511,61.4333,61.6000,4697100
JNJ,20050120,1600,61.6036,61.7213,61.1917,61.2800,5274600
JNJ,20050121,1600,61.1501,61.3756,60.6500,60.6500,6426300
JNJ,20050124,1600,60.6530,60.7315,60.0156,60.3000,5938600
JNJ,20050125,1600,60.6954,62.6075,60.6954,62.4800,11172300
JNJ,20050126,1600,62.0173,63.7236,61.5269,63.4000,12781800
JNJ,20050127,1600,63.1171,63.3916,62.9406,62.9700,6360100
JNJ,20050128,1600,63.1346,63.5563,63.0170,63.3700,6968700
JNJ,20050131,1600,63.6756,63.7050,63.1068,63.4500,6168900
JNJ,20050201,1600,63.3557,64.1500,63.2675,64.1500,7340300
JNJ,20050202,1600,63.9355,64.7690,63.9159,64.7200,7068000
JNJ,20050203,1600,64.5075,64.7232,64.2035,64.3800,5022300
JNJ,20050204,1600,64.2049,64.9600,64.1951,64.9600,4851300
JNJ,20050207,1600,64.9639,65.2188,64.5913,65.1600,4892100
JNJ,20050208,1600,65.1675,65.3440,64.8537,65.0400,6379900
JNJ,20050209,1600,65.0767,65.1944,64.6943,64.9100,4529800
JNJ,20050210,1600,64.7814,64.9383,64.5950,64.8500,4002900
JNJ,20050211,1600,64.9893,65.8756,64.9006,65.5900,6584400
JNJ,20050214,1600,65.6008,65.6008,64.8030,65.0000,5217600
JNJ,20050215,1600,64.8214,65.0085,64.5456,64.9100,4186400
JNJ,20050216,1600,64.6809,64.8680,64.4249,64.7400,4607500
JNJ,20050217,1600,64.7047,64.7047,64.3502,64.3600,5354200
JNJ,20050218,1600,64.4498,64.5976,64.2233,64.4400,6185200
JNJ,20050222,1600,64.0603,64.8678,64.0603,64.0800,8299800
JNJ,20050223,1600,64.4102,64.5579,64.2230,64.4200,4928200
JNJ,20050224,1600,64.3582,64.9491,64.0923,64.8900,4817000
JNJ,20050225,1600,64.8654,65.2889,64.8556,65.2200,6456100
JNJ,20050228,1600,65.0729,65.2403,64.6100,64.6100,6833700
JNJ,20050301,1600,65.4627,65.9748,65.4036,65.6400,8467400
JNJ,20050302,1600,65.5462,66.1371,65.1227,65.9500,6991900
JNJ,20050303,1600,66.0847,66.0847,65.5036,65.7400,5791900
JNJ,20050304,1600,66.1684,66.7198,65.9911,66.7100,8306000
JNJ,20050307,1600,66.8682,67.6364,66.8190,67.4000,9389500
JNJ,20050308,1600,67.0221,67.3668,66.9729,67.1600,8537100
JNJ,20050309,1600,67.0648,67.0747,66.6709,66.7300,6375500
JNJ,20050310,1600,66.8420,67.2359,66.7730,66.9700,5041700
JNJ,20050311,1600,66.9838,67.2202,66.4717,66.5800,5807000
JNJ,20050314,1600,66.5635,66.7998,66.4650,66.7900,5589000
JNJ,20050315,1600,66.8112,66.8211,66.2400,66.2400,5014000
JNJ,20050316,1600,66.0792,66.4239,66.0300,66.0300,5408700
JNJ,20050317,1600,65.8224,66.3543,65.8027,65.9800,4405800
JNJ,20050318,1600,65.9838,66.2300,65.6489,66.2300,10640700
JNJ,20050321,1600,66.2340,66.2340,65.6529,65.8400,5178600
JNJ,20050322,1600,65.6421,66.2133,65.6421,65.7800,5072300
JNJ,20050323,1600,65.8207,67.1700,65.8108,67.1700,9565500
JNJ,20050324,1600,67.1683,67.4835,66.9320,67.0600,8876600
JNJ,20050328,1600,67.1918,67.4577,67.1327,67.3100,5145100
JNJ,20050329,1600,67.0180,67.0870,66.6733,66.8900,9428000
JNJ,20050330,1600,66.9018,67.2170,66.8723,67.0200,6516300
JNJ,20050331,1600,66.3567,66.4354,65.9824,66.1400,12551500
JNJ,20050401,1600,66.3029,66.4309,65.6430,65.8400,11052700
JNJ,20050404,1600,65.9356,67.0583,65.8371,66.9500,8684900
JNJ,20050405,1600,66.9457,67.9994,66.7487,67.9600,9114300
JNJ,20050406,1600,68.0655,68.1541,67.6124,67.7700,5689800
JNJ,20050407,1600,67.5597,68.1998,67.4317,68.1900,4975300
JNJ,20050408,1600,68.4076,68.4273,67.6000,67.6000,4822800
JNJ,20050411,1600,67.7614,68.2144,67.6629,67.8500,4449500
JNJ,20050412,1600,67.2455,67.6689,66.8220,67.6000,9775400
JNJ,20050413,1600,67.4121,67.9439,67.4121,67.5500,7138400
JNJ,20050414,1600,67.5599,68.2098,67.1955,68.2000,8069600
JNJ,20050415,1600,68.8326,68.9311,68.2515,68.3500,12990700
JNJ,20050418,1600,68.2460,68.2559,67.4287,67.9900,9164900
JNJ,20050419,1600,68.8075,68.8863,67.3697,68.0000,9343700
JNJ,20050420,1600,68.0056,68.1041,66.8238,67.0700,7882400
JNJ,20050421,1600,67.2994,67.4471,66.8069,67.2600,7696200
JNJ,20050422,1600,67.2924,67.7356,66.9576,67.4500,7021900
JNJ,20050425,1600,67.9530,68.4454,67.4015,67.5000,5981500
JNJ,20050426,1600,67.3642,67.6499,66.9703,66.9900,5866900
JNJ,20050427,1600,66.8174,67.3689,66.6598,67.3000,5966400
JNJ,20050428,1600,67.0734,67.3097,66.6006,66.6400,6406300
JNJ,20050429,1600,66.7923,67.5900,66.7627,67.5900,6540900
JNJ,20050502,1600,67.6415,67.7892,67.3165,67.7400,4361200
JNJ,20050503,1600,67.7786,67.7885,67.2862,67.6900,5716300
JNJ,20050504,1600,67.1211,67.2195,66.6286,67.1900,8439700
JNJ,20050505,1600,67.2139,67.5586,66.8693,67.4700,6279600
JNJ,20050506,1600,67.8300,67.8300,67.1209,67.1800,4731000
JNJ,20050509,1600,67.0711,67.2582,66.7460,67.1400,6766100
JNJ,20050510,1600,66.9659,67.1136,66.4341,66.7000,6870600
JNJ,20050511,1600,66.7920,67.0776,66.2208,66.9200,4969700
JNJ,20050512,1600,67.0535,67.1126,66.2360,66.6300,4845300
JNJ,20050513,1600,66.4595,66.6871,66.0735,66.4100,5954700
JNJ,20050516,1600,66.4155,66.9400,66.4056,66.9400,3943500
JNJ,20050517,1600,66.6261,67.2496,66.3787,67.2100,5294400
JNJ,20050518,1600,67.2959,67.3750,66.7812,66.9000,8495100
JNJ,20050519,1600,66.8485,67.0267,66.5715,66.7100,8134400
JNJ,20050520,1600,66.9554,66.9554,66.4011,66.5100,6191100
JNJ,20050523,1600,66.6096,66.8867,66.3523,66.5700,5877000
JNJ,20050524,1600,66.6031,66.9891,66.5635,66.9000,8353300
JNJ,20050525,1600,66.9184,66.9976,66.5028,66.7700,4725900
JNJ,20050526,1600,67.2940,67.2940,66.6705,66.7200,5032300
JNJ,20050527,1600,66.7993,66.9774,66.7300,66.7300,4409900
JNJ,20050531,1600,66.9840,66.9939,66.4100,66.4100,6398300
JNJ,20050601,1600,66.4122,66.9169,66.3627,66.6200,4966200
JNJ,20050602,1600,66.5574,66.5574,66.1813,66.3100,6761600
JNJ,20050603,1600,66.1359,66.2547,65.6708,65.7500,6526000
JNJ,20050606,1600,65.8978,66.0265,65.6108,65.6900,7041700
JNJ,20050607,1600,66.0380,66.2459,65.8203,65.8500,5520700
JNJ,20050608,1600,66.1650,66.1650,65.5711,65.6800,5296300
JNJ,20050609,1600,65.6342,66.1687,65.4660,66.0400,5228900
JNJ,20050610,1600,65.8098,66.0176,65.0478,65.7900,5248400
JNJ,20050613,1600,65.5623,66.2550,65.5425,65.7800,5413400
JNJ,20050614,1600,65.7218,66.1077,65.6723,65.8900,3981700
JNJ,20050615,1600,65.8680,65.8680,65.3533,65.6700,4655300
JNJ,20050616,1600,65.4913,65.8971,65.4319,65.6200,4434800
JNJ,20050617,1600,64.7319,66.0580,64.7319,65.8700,13877800
JNJ,20050620,1600,65.6918,66.1074,65.5136,65.8600,8199500
JNJ,20050621,1600,65.6619,66.0082,65.5134,65.8400,8668900
JNJ,20050622,1600,65.9633,65.9831,65.2903,65.3200,8873100
JNJ,20050623,1600,65.2046,65.4223,64.5216,64.6800,8927500
JNJ,20050624,1600,65.0188,65.6026,64.3260,64.9000,18319900
JNJ,20050627,1600,64.8413,65.2273,64.8117,64.9700,6900200
JNJ,20050628,1600,63.7669,65.4197,63.7669,65.3900,6071700
JNJ,20050629,1600,65.2674,65.3070,64.7231,65.0200,7808300
JNJ,20050630,1600,64.9436,65.0030,63.9440,64.3300,9344300
JNJ,20050701,1600,64.1513,64.7550,64.1513,64.2800,6718200
JNJ,20050705,1600,63.7346,64.5759,63.7149,64.1800,6384100
JNJ,20050706,1600,64.2323,64.2620,63.4900,63.4900,6661400
JNJ,20050707,1600,63.4381,63.4381,62.8641,63.2600,8278900
JNJ,20050708,1600,63.2439,63.6398,62.8777,63.6200,8144900
JNJ,20050711,1600,63.6153,64.1497,63.4470,64.1200,6528500
JNJ,20050712,1600,64.1199,64.3277,63.9418,64.1100,5141600
JNJ,20050713,1600,63.9580,64.2252,63.6907,63.7600,6809800
JNJ,20050714,1600,64.0290,64.2071,63.6529,63.9300,6521400
JNJ,20050715,1600,63.9047,64.4788,63.9047,64.3600,6444500
JNJ,20050718,1600,64.1774,64.3951,63.7816,63.9300,5938000
JNJ,20050719,1600,63.8848,64.3896,63.8354,64.3500,11069400
JNJ,20050720,1600,64.2009,64.2900,63.6863,64.2900,7312600
JNJ,20050721,1600,64.2008,64.2008,63.3200,63.3200,9850100
JNJ,20050722,1600,63.7392,63.7392,63.3433,63.6600,5398400
JNJ,20050725,1600,63.5907,63.6303,62.6504,62.6900,6741900
JNJ,20050726,1600,62.1882,62.7127,62.0200,62.0200,12640400
JNJ,20050727,1600,62.4449,64.0976,62.3658,63.8700,10789500
JNJ,20050728,1600,63.8126,64.1689,63.4563,64.0600,6391600
JNJ,20050729,1600,64.0126,64.1115,63.2802,63.3000,6143200
JNJ,20050801,1600,63.5826,64.6712,63.5826,63.8300,7348200
JNJ,20050802,1600,63.9699,64.0392,63.5048,63.9600,5554800
JNJ,20050803,1600,63.7151,64.3386,63.6458,64.2000,5090400
JNJ,20050804,1600,64.0739,64.2818,63.4603,63.4900,4049200
JNJ,20050805,1600,63.3550,63.4144,62.8800,62.8800,5019400
JNJ,20050808,1600,62.8890,63.0275,62.5822,62.7900,4002000
JNJ,20050809,1600,62.9641,63.3600,62.7959,63.3600,4601200
JNJ,20050810,1600,63.4968,63.9916,63.0910,63.1900,5351200
JNJ,20050811,1600,63.1947,63.8381,63.0957,63.6500,4688300
JNJ,20050812,1600,63.3651,63.5037,62.8109,62.9000,4850200
JNJ,20050815,1600,62.7693,62.9375,62.3734,62.7000,5402600
JNJ,20050816,1600,62.6668,62.7262,62.1918,62.3600,5432300
JNJ,20050817,1600,62.5629,63.1171,62.5134,62.8400,5578500
JNJ,20050818,1600,62.7982,63.7780,62.6696,63.5900,9326100
JNJ,20050819,1600,63.5882,63.8170,63.2301,63.2400,6121400
JNJ,20050822,1600,63.6674,63.7271,62.9909,63.1700,5380900
JNJ,20050823,1600,63.1860,63.2457,62.1017,62.4300,8909000
JNJ,20050824,1600,62.3677,62.6165,61.8206,61.9300,8021300
JNJ,20050825,1600,62.2199,62.8665,62.1204,62.2000,6143000
JNJ,20050826,1600,62.0279,62.0876,61.6200,61.6200,5206200
JNJ,20050829,1600,61.4564,62.7894,61.3271,62.6800,6364800
JNJ,20050830,1600,62.3417,62.7297,62.0234,62.6700,7581500
JNJ,20050831,1600,62.6720,63.1694,61.7369,63.0600,8006900
JNJ,20050901,1600,62.8497,63.3969,62.5613,62.8000,6161300
JNJ,20050902,1600,63.0176,63.2464,62.5203,62.5700,4130400
JNJ,20050906,1600,62.9228,63.6888,62.8830,63.4600,7373700
JNJ,20050907,1600,63.6642,64.5495,63.6045,64.4600,7817400
JNJ,20050908,1600,64.6654,64.6654,63.6208,63.7700,6475900
JNJ,20050909,1600,64.0120,64.6387,63.7633,64.3900,5124300
JNJ,20050912,1600,64.3897,64.6086,64.1908,64.3400,5923500
JNJ,20050913,1600,64.1776,64.3667,63.6703,63.7200,6670100
JNJ,20050914,1600,64.1391,64.3779,63.8009,63.9700,7406200
JNJ,20050915,1600,64.0399,64.1494,63.8211,64.0300,4896200
JNJ,20050916,1600,64.2431,64.8798,64.0143,64.8400,12995300
JNJ,20050919,1600,64.8472,64.8571,64.1608,64.3100,7212500
JNJ,20050920,1600,64.3883,64.4579,63.9605,64.0600,5301000
JNJ,20050921,1600,63.6139,64.9668,63.5742,64.3600,7173600
JNJ,20050922,1600,64.1212,64.9866,64.0714,64.3400,7239000
JNJ,20050923,1600,64.5653,64.5753,63.5605,63.6600,7814400
JNJ,20050926,1600,63.8981,64.1170,63.4306,63.5400,5981900
JNJ,20050927,1600,63.5677,63.6174,62.8017,63.1200,6244000
JNJ,20050928,1600,62.9397,63.2779,62.7706,62.8800,5573200
JNJ,20050929,1600,62.6241,63.5195,62.5744,63.4200,6285300
JNJ,20050930,1600,63.5668,63.6066,62.6715,62.9500,5646500
JNJ,20051003,1600,62.8468,62.9165,62.1804,62.2500,6826600
JNJ,20051004,1600,62.5708,62.9488,62.1231,62.7200,6950300
JNJ,20051005,1600,62.5767,62.8652,61.9002,61.9300,6667700
JNJ,20051006,1600,62.2448,62.2647,60.8620,61.2500,12716200
JNJ,20051007,1600,61.4776,61.4776,60.8011,61.0200,11685000
JNJ,20051010,1600,60.9610,61.8464,60.2149,61.1500,7672600
JNJ,20051011,1600,61.2485,61.3580,60.7611,60.9700,7801000
JNJ,20051012,1600,61.1119,61.7784,60.8334,61.4800,8046500
JNJ,20051013,1600,61.4814,64.2670,61.4516,63.6900,19778100
JNJ,20051014,1600,63.6983,63.7082,63.1014,63.3700,13318800
JNJ,20051017,1600,63.3166,63.3166,62.3417,62.6700,9214800
JNJ,20051018,1600,63.2766,63.6646,62.3316,62.6400,19695000
JNJ,20051019,1600,62.7664,64.0098,62.3586,63.9800,13733400
JNJ,20051020,1600,64.0688,64.2578,63.5714,63.8400,8621500
JNJ,20051021,1600,63.9688,64.1578,63.5510,63.7400,13887900
JNJ,20051024,1600,63.8695,64.1679,63.1233,63.7700,8744600
JNJ,20051025,1600,63.4390,63.6181,62.9317,63.2500,7066600
JNJ,20051026,1600,62.8680,63.2460,62.2512,62.4800,8961100
JNJ,20051027,1600,62.1745,62.1944,60.7320,61.1200,14097200
JNJ,20051028,1600,61.7247,62.6598,61.4064,62.6200,8903800
JNJ,20051031,1600,62.5785,62.6680,62.2204,62.2900,9769300
JNJ,20051101,1600,62.1570,62.4157,61.4805,61.5800,9859100
JNJ,20051102,1600,61.5371,62.3727,60.7313,60.9800,15350500
JNJ,20051103,1600,60.9795,61.2282,60.6413,60.8800,16977300
JNJ,20051104,1600,60.8783,61.0076,59.6846,60.5600,15227200
JNJ,20051107,1600,60.1848,61.2592,59.8864,61.1100,9768400
JNJ,20051108,1600,60.6291,60.8777,60.3207,60.4500,7394800
JNJ,20051109,1600,60.6005,61.0780,60.2723,60.7000,7059600
JNJ,20051110,1600,60.7020,61.2790,60.2743,61.0900,6115400
JNJ,20051111,1600,60.9283,61.0675,60.6000,60.6000,5902300
JNJ,20051114,1600,60.7470,60.7968,60.1104,60.1900,8901900
JNJ,20051115,1600,61.7639,63.1665,61.5251,62.5000,37611100
JNJ,20051116,1600,63.4472,63.4472,62.3231,62.9200,15168600
JNJ,20051117,1600,63.2885,63.3283,62.7414,63.0100,10596300
JNJ,20051118,1600,63.7500,63.7700,62.3400,62.5500,11695900
JNJ,20051121,1600,62.5500,62.5500,61.7000,61.9900,11069200
JNJ,20051122,1600,61.7200,61.8000,61.1500,61.6100,10625600
JNJ,20051123,1600,61.4500,61.8400,61.3000,61.6700,7681900
JNJ,20051125,1600,62.1000,62.3400,61.9500,62.1500,5094100
JNJ,20051128,1600,62.7500,62.9500,62.2000,62.4000,12698500
JNJ,20051129,1600,62.8000,62.8100,61.9600,62.0000,8675700
JNJ,20051130,1600,62.0000,62.6300,61.7200,61.7500,7696000
JNJ,20051201,1600,61.8500,62.0600,61.6300,61.6900,6963600
JNJ,20051202,1600,61.6100,61.8000,61.2000,61.2100,6818000
JNJ,20051205,1600,61.6000,62.0000,60.7300,61.0500,21946800
JNJ,20051206,1600,61.2500,61.2500,60.4000,60.4700,14823200
JNJ,20051207,1600,60.3900,60.4500,59.7600,60.0400,14538400
JNJ,20051208,1600,60.0400,60.7500,59.8700,60.0800,10415300
JNJ,20051209,1600,60.0000,60.3500,59.9800,60.1000,8127100
JNJ,20051212,1600,60.1500,60.2600,60.0100,60.1500,7960900
JNJ,20051213,1600,60.1300,60.5000,59.9900,60.2500,12785500
JNJ,20051214,1600,60.4000,60.4800,60.0600,60.1100,10199000
JNJ,20051215,1600,60.1500,60.3500,60.0000,60.1600,6942500
JNJ,20051216,1600,60.3300,61.3500,60.1900,60.8600,13197200
JNJ,20051219,1600,61.5500,62.0000,61.1000,61.1900,10639100
JNJ,20051220,1600,60.9200,61.1900,60.6700,60.7800,6946700
JNJ,20051221,1600,60.9800,61.2000,60.7000,60.8800,6282100
JNJ,20051222,1600,60.9600,61.3200,60.5600,61.3200,5179100
JNJ,20051223,1600,61.3000,61.5100,61.0100,61.1100,3591100
JNJ,20051227,1600,61.1200,61.2000,60.2700,60.3000,6324400
JNJ,20051228,1600,60.3000,60.6600,60.3000,60.4200,5603100
JNJ,20051229,1600,60.5300,60.7000,60.0400,60.2500,5325100
JNJ,20051230,1600,60.1000,60.2500,60.0300,60.1000,5261300
JNJ,20060103,1600,61.0700,61.8500,61.0500,61.6300,10703100
JNJ,20060104,1600,61.9300,62.6400,61.7600,62.5800,9068100
JNJ,20060105,1600,62.5700,62.9500,62.1000,62.3200,9852600
JNJ,20060106,1600,62.3600,62.7400,62.1400,62.6000,5919200
JNJ,20060109,1600,62.5200,63.0100,62.4300,62.9900,7103700
JNJ,20060110,1600,62.5200,63.1000,62.5000,63.1000,6656700
JNJ,20060111,1600,62.9600,62.9900,61.9400,62.5000,8824100
JNJ,20060112,1600,62.5000,62.5500,61.8000,62.2100,7262400
JNJ,20060113,1600,61.9000,62.2900,61.4200,61.8200,7043600
JNJ,20060117,1600,61.3100,62.0700,61.1000,61.2800,9674000
JNJ,20060118,1600,61.7500,62.2400,61.3500,62.1900,7547400
JNJ,20060119,1600,62.3000,62.6200,61.7000,62.1700,7494700
JNJ,20060120,1600,61.2400,62.3000,60.7300,60.8000,11023500
JNJ,20060123,1600,60.7500,61.2400,60.6100,61.1900,7213100
JNJ,20060124,1600,60.1900,60.7900,59.3600,59.3600,19956800
JNJ,20060125,1600,61.0000,61.0000,58.0400,58.5000,25368800
JNJ,20060126,1600,58.7500,59.5000,58.5600,58.6400,15946100
