Ticker,Date,Time,Open,High,Low,Close,Vol
JPM,20030303,1600,22.1774,22.3498,21.7080,21.8900,8083200
JPM,20030304,1600,21.8911,21.9390,21.4600,21.4600,7706700
JPM,20030305,1600,21.4668,21.8500,21.4094,21.8500,7670600
JPM,20030306,1600,21.4722,21.5776,21.0317,21.0700,10613600
JPM,20030307,1600,20.7753,21.8385,20.6604,21.3500,9272100
JPM,20030310,1600,20.9519,21.2585,20.4538,20.5400,8585100
JPM,20030311,1600,20.6361,20.8755,19.7934,19.8700,12601900
JPM,20030312,1600,19.6306,20.1094,19.2763,19.8700,16405900
JPM,20030313,1600,20.3499,20.8479,20.1775,20.8000,12988100
JPM,20030314,1600,20.8484,21.1644,20.2642,20.3600,13848700
JPM,20030317,1600,20.3552,21.7154,20.1253,21.6100,15267800
JPM,20030318,1600,21.9171,22.0320,21.5052,21.8500,9193900
JPM,20030319,1600,21.8902,22.3692,21.7465,22.3500,11398700
JPM,20030320,1600,21.8216,22.6645,21.7928,22.5400,10698200
JPM,20030321,1600,22.8821,23.8495,22.7575,23.6100,18484800
JPM,20030324,1600,22.7449,23.0226,22.4576,22.6300,10964200
JPM,20030325,1600,22.5741,23.4265,22.5741,23.1200,9397300
JPM,20030326,1600,22.8914,23.3224,22.8722,23.1500,6461300
JPM,20030327,1600,22.9947,23.3873,22.6786,23.1000,7552700
JPM,20030328,1600,23.1039,23.5541,22.8740,23.4200,7736700
JPM,20030331,1600,22.7483,23.0836,22.6525,22.7100,9251900
JPM,20030401,1600,23.1334,23.3728,22.7502,23.2100,9689000
JPM,20030402,1600,24.0889,24.5940,23.9141,24.3900,13884500
JPM,20030403,1600,24.6769,24.7643,24.1911,24.2300,10313700
JPM,20030404,1600,24.6168,24.9180,24.3740,24.8500,10113600
JPM,20030407,1600,25.7067,25.9690,24.8711,24.9100,12796300
JPM,20030408,1600,25.1140,25.3569,24.7254,25.2500,8949700
JPM,20030409,1600,25.3109,25.6607,24.8543,25.0000,10140100
JPM,20030410,1600,24.9997,25.1649,24.6888,24.9900,7215900
JPM,20030411,1600,25.2583,25.5109,24.6948,24.8600,8002200
JPM,20030414,1600,25.2360,25.8383,25.1389,25.7800,10041200
JPM,20030415,1600,25.7503,26.6148,25.5269,26.1000,13327300
JPM,20030416,1600,26.7502,26.9056,25.4972,25.7400,18636300
JPM,20030417,1600,25.7431,26.6854,25.7431,26.5300,11055000
JPM,20030421,1600,26.5340,26.9518,26.3882,26.6700,8337900
JPM,20030422,1600,26.5389,27.9766,26.3932,27.8600,13899900
JPM,20030423,1600,27.9297,28.8429,27.8325,28.6000,15108200
JPM,20030424,1600,27.9051,28.0217,27.4972,27.7400,12139800
JPM,20030425,1600,27.9274,27.9371,26.8589,27.1600,11300700
JPM,20030428,1600,27.2031,28.0872,27.2031,27.9900,9481100
JPM,20030429,1600,27.8728,28.4169,27.8145,28.3100,12232300
JPM,20030430,1600,28.3060,28.8014,27.9855,28.5100,14738100
JPM,20030501,1600,28.5080,28.7120,27.8669,28.4400,10261200
JPM,20030502,1600,28.0859,28.9531,28.0281,28.7700,10634900
JPM,20030505,1600,28.9130,29.8286,28.9130,29.2600,13997200
JPM,20030506,1600,29.1468,29.9176,28.8770,29.5900,12208100
JPM,20030507,1600,29.3434,29.8638,29.0640,29.7000,10721500
JPM,20030508,1600,29.3422,29.4193,28.7351,28.8700,10890100
JPM,20030509,1600,28.9900,29.0864,28.5081,28.9900,8820500
JPM,20030512,1600,28.9911,29.8682,28.6924,29.8200,8801900
JPM,20030513,1600,29.8120,29.9180,29.2531,29.6000,7476000
JPM,20030514,1600,29.6113,29.8425,29.1776,29.3800,7515000
JPM,20030515,1600,29.6787,30.2087,29.6402,29.9100,10648700
JPM,20030516,1600,29.9077,30.3509,29.7728,30.1100,9273900
JPM,20030519,1600,30.1097,30.1097,29.1269,29.3100,8306200
JPM,20030520,1600,29.3104,29.6669,28.9539,29.3200,8688400
JPM,20030521,1600,29.0064,29.4882,28.8425,29.4400,8389500
JPM,20030522,1600,29.2933,29.5727,29.1680,29.3800,8651800
JPM,20030523,1600,29.4427,29.8860,29.2692,29.7800,5751600
JPM,20030527,1600,29.5793,30.9667,29.3866,30.8800,11224800
JPM,20030528,1600,31.0327,31.6398,30.9074,31.3700,12017300
JPM,20030529,1600,31.5626,31.6975,31.0229,31.1000,9548300
JPM,20030530,1600,31.4098,31.8724,31.2459,31.6700,10683100
JPM,20030602,1600,32.1407,33.3261,32.1118,32.6900,13337100
JPM,20030603,1600,32.6864,33.1296,32.5129,32.5900,11581300
JPM,20030604,1600,32.4278,33.5649,32.1869,33.4300,13171500
JPM,20030605,1600,33.4250,34.0031,33.1552,33.8200,10380500
JPM,20030606,1600,34.4667,35.1894,33.7344,33.8500,11835400
JPM,20030609,1600,33.3394,33.5128,32.3758,32.5300,10274000
JPM,20030610,1600,32.7629,33.0905,32.6376,32.8400,10879300
JPM,20030611,1600,33.0488,33.5209,32.6730,33.2800,9252300
JPM,20030612,1600,33.7195,33.8447,32.9871,33.4400,9632500
JPM,20030613,1600,33.5846,33.7773,33.0931,33.4400,6746500
JPM,20030616,1600,33.6764,34.6400,33.5801,34.6400,9417400
JPM,20030617,1600,34.6836,34.8860,34.3367,34.7800,9515500
JPM,20030618,1600,34.3108,34.5325,33.5398,33.8000,11336300
JPM,20030619,1600,33.9710,34.0192,32.8145,33.2000,10874200
JPM,20030620,1600,33.5782,33.8865,33.3180,33.5300,14781400
JPM,20030623,1600,33.2946,33.4873,32.3887,32.6200,9876500
JPM,20030624,1600,32.5200,33.1753,32.2792,33.0500,8236100
JPM,20030625,1600,33.0487,33.5497,32.5573,32.7500,8978200
JPM,20030626,1600,32.7645,33.1500,32.2827,33.1500,6316400
JPM,20030627,1600,33.1519,33.1904,32.5736,32.6700,6674600
JPM,20030630,1600,33.0075,33.2195,32.4196,32.9400,7847900
JPM,20030701,1600,32.9398,33.3000,32.1709,33.3000,10439900
JPM,20030702,1600,33.3235,33.5863,33.1288,33.4500,7459100
JPM,20030703,1600,32.8988,33.4244,32.8015,33.2200,4376600
JPM,20030707,1600,33.5558,34.2954,33.4780,34.1300,9773400
JPM,20030708,1600,34.1388,34.4989,33.9733,34.4600,6165500
JPM,20030709,1600,34.5348,35.1577,34.4569,34.7100,9640700
JPM,20030710,1600,34.5083,34.6835,33.7977,34.0800,7622500
JPM,20030711,1600,34.2746,35.0144,34.2454,34.8100,6973600
JPM,20030714,1600,35.5118,36.5631,34.8303,36.3100,12088000
JPM,20030715,1600,36.5434,36.8743,36.0274,36.3000,11553500
JPM,20030716,1600,37.2362,37.2362,35.0367,35.2800,14435700
JPM,20030717,1600,35.2879,35.2879,33.8958,34.1100,12002000
JPM,20030718,1600,34.2927,34.5555,33.9228,34.3900,7596000
JPM,20030721,1600,34.1621,34.1718,32.6049,33.5100,11938000
JPM,20030722,1600,33.5817,34.1268,33.3481,34.0100,9538500
JPM,20030723,1600,34.1636,34.1928,33.6769,33.9300,7764200
JPM,20030724,1600,34.4095,34.4192,33.6016,33.6600,8595200
JPM,20030725,1600,33.8193,34.5589,33.5468,34.5200,8693400
JPM,20030728,1600,34.5205,34.8612,34.2188,34.5400,8228700
JPM,20030729,1600,34.6309,34.6407,33.8231,34.3000,9207500
JPM,20030730,1600,34.5482,34.6261,34.0908,34.1200,5860400
JPM,20030731,1600,34.7041,34.8598,34.0519,34.1200,8761300
JPM,20030801,1600,34.1441,34.1538,32.3435,32.4700,20439300
JPM,20030804,1600,32.4699,32.8981,31.5355,32.8300,15744400
JPM,20030805,1600,32.7564,32.8050,31.8608,31.8900,12309200
JPM,20030806,1600,32.1197,32.3825,31.6331,32.1100,12232200
JPM,20030807,1600,31.8824,32.1938,31.6488,31.9700,9218200
JPM,20030808,1600,32.3339,32.3533,31.7888,32.1100,6296700
JPM,20030811,1600,32.1062,32.7777,32.0575,32.3300,6982000
JPM,20030812,1600,32.5745,32.8763,32.4091,32.7400,8519300
JPM,20030813,1600,32.9001,32.9294,32.2480,32.5400,6716000
JPM,20030814,1600,32.5425,33.0487,32.3283,33.0000,6993000
JPM,20030815,1600,33.0909,33.0909,32.5848,32.7600,3542300
JPM,20030818,1600,33.1887,33.1887,32.7604,33.1400,7126400
JPM,20030819,1600,33.2411,33.4941,32.9296,33.2800,8275200
JPM,20030820,1600,33.7540,34.0947,33.1408,33.9000,9319200
JPM,20030821,1600,34.1180,34.4879,33.4658,33.6800,8675600
JPM,20030822,1600,33.9059,34.2174,32.9227,33.0200,8131400
JPM,20030825,1600,32.8205,32.9763,32.3825,32.8400,6126200
JPM,20030826,1600,32.6068,33.6385,32.1201,32.4900,9840600
JPM,20030827,1600,32.2629,32.5063,32.1754,32.3700,6019800
JPM,20030828,1600,32.3773,33.1658,32.2410,33.0100,5600000
JPM,20030829,1600,33.0569,33.3879,32.8817,33.3100,5862800
JPM,20030902,1600,33.4975,34.0912,33.1666,33.7700,8424200
JPM,20030903,1600,33.7743,34.1052,33.6283,33.9300,7478400
JPM,20030904,1600,33.9450,34.0228,33.6529,33.7600,6254600
JPM,20030905,1600,33.5720,33.7667,33.2508,33.2800,6752900
JPM,20030908,1600,33.4282,33.8760,33.3504,33.7300,5748400
JPM,20030909,1600,33.5836,33.7394,33.3013,33.3500,5257900
JPM,20030910,1600,33.0156,33.3563,32.2759,32.4900,9825500
JPM,20030911,1600,32.8481,33.2374,32.6243,32.7800,6717500
JPM,20030912,1600,32.6228,33.2165,32.5450,33.0900,6251300
JPM,20030915,1600,33.0892,33.2936,32.8167,33.0600,5058200
JPM,20030916,1600,32.9889,33.7579,32.9694,33.6800,6846900
JPM,20030917,1600,33.6816,33.9152,33.6037,33.7400,7692500
JPM,20030918,1600,33.9431,34.9165,33.6998,34.7900,14752000
JPM,20030919,1600,34.5497,34.8417,34.1702,34.5400,12211800
JPM,20030922,1600,34.0795,34.1281,33.6414,34.0600,9198100
JPM,20030923,1600,34.0523,34.5097,33.6825,34.5000,8583700
JPM,20030924,1600,34.5532,34.7965,33.8621,33.9400,11445500
JPM,20030925,1600,34.0661,34.2997,33.5113,33.5600,8682300
JPM,20030926,1600,33.6012,33.7862,33.0367,33.2800,10336800
JPM,20030929,1600,33.4866,33.8760,33.2141,33.7300,6481500
JPM,20030930,1600,33.6728,33.7701,32.9526,33.4100,9570000
JPM,20031001,1600,33.7781,34.5373,33.6418,34.4400,11368400
JPM,20031002,1600,34.5478,34.6461,34.1841,34.4200,7329000
JPM,20031003,1600,35.0612,35.1791,34.3929,34.5600,11020900
JPM,20031006,1600,34.5960,35.0973,34.5174,34.9400,7475700
JPM,20031007,1600,34.9393,35.5388,34.5658,35.4700,11345300
JPM,20031008,1600,35.5799,35.5897,34.9509,35.0000,9122600
JPM,20031009,1600,35.4239,35.5222,34.8736,35.0800,9138000
JPM,20031010,1600,35.0869,35.2245,34.8215,34.9100,5649300
JPM,20031013,1600,34.9452,35.8395,34.9452,35.8100,7584400
JPM,20031014,1600,35.8748,36.1500,35.5308,36.1500,7239600
JPM,20031015,1600,36.3041,36.3435,35.6359,35.9700,7431100
JPM,20031016,1600,35.9250,36.3574,35.8758,36.2100,6902200
JPM,20031017,1600,35.9851,36.2799,35.5331,35.7100,5893700
JPM,20031020,1600,35.5277,35.9700,35.3508,35.9700,7403400
JPM,20031021,1600,35.9712,36.2660,35.7255,36.0400,7525900
JPM,20031022,1600,34.4685,34.8026,34.0950,34.3800,19397500
JPM,20031023,1600,34.1051,34.7931,34.1051,34.4000,10030800
JPM,20031024,1600,34.3960,34.4943,34.0324,34.1700,7625600
JPM,20031027,1600,34.6448,34.6743,34.1927,34.3500,9827700
JPM,20031028,1600,34.3994,35.0776,34.3896,34.9400,11744200
JPM,20031029,1600,34.9366,35.4279,34.7498,35.3100,7608300
JPM,20031030,1600,35.5246,35.5738,35.1119,35.2200,6897700
JPM,20031031,1600,35.2800,35.5453,35.1916,35.2800,6287600
JPM,20031103,1600,35.5984,36.1193,35.4313,36.0800,8157200
JPM,20031104,1600,35.6752,36.1272,35.6555,35.9700,6485500
JPM,20031105,1600,35.9295,36.1064,35.6740,35.9000,5912300
JPM,20031106,1600,35.9060,35.9060,35.4835,35.6800,9049600
JPM,20031107,1600,35.7148,35.8524,35.4003,35.4200,6347600
JPM,20031110,1600,35.3879,35.4764,35.0341,35.2700,4639500
JPM,20031111,1600,34.9384,35.5478,34.9188,35.4200,4123200
JPM,20031112,1600,35.4764,35.6434,35.1422,35.2700,7141100
JPM,20031113,1600,35.1909,35.3776,34.9943,35.2400,4597500
JPM,20031114,1600,35.0859,35.3512,34.4962,34.8500,7224800
JPM,20031117,1600,34.5936,34.9376,34.4659,34.8000,5762000
JPM,20031118,1600,34.8109,34.9387,34.2114,34.2900,6955200
JPM,20031119,1600,34.2878,34.5334,34.1010,34.1600,9797800
JPM,20031120,1600,34.1381,34.6000,33.8531,34.0300,7517200
JPM,20031121,1600,34.2526,34.5376,34.1543,34.4000,6834200
JPM,20031124,1600,34.5617,34.7484,34.3848,34.6600,7258700
JPM,20031125,1600,34.5465,35.0281,34.4974,34.9200,5539000
JPM,20031126,1600,34.6936,35.0376,34.5953,34.9000,3922400
JPM,20031128,1600,34.6917,34.8784,34.6426,34.7900,2447600
JPM,20031201,1600,35.0009,35.0893,34.7551,35.0500,6957000
JPM,20031202,1600,35.0819,35.2784,34.9640,35.1900,6301200
JPM,20031203,1600,35.1898,35.3667,35.0129,35.1800,7612400
JPM,20031204,1600,35.0355,35.0847,34.6228,34.7800,6089700
JPM,20031205,1600,34.5664,34.7236,34.2519,34.3600,6769400
JPM,20031208,1600,34.1326,34.8598,34.1326,34.8500,6070400
JPM,20031209,1600,34.8491,34.8885,34.1022,34.2300,7684300
JPM,20031210,1600,34.1584,34.4434,33.9029,34.0700,6405900
JPM,20031211,1600,34.2227,34.5274,33.9574,34.3800,7650900
JPM,20031212,1600,34.5588,34.5686,34.3032,34.4900,5457900
JPM,20031215,1600,34.8858,34.9448,34.5026,34.6500,8140500
JPM,20031216,1600,34.7856,35.1197,34.7069,35.1000,7330600
JPM,20031217,1600,35.1188,35.1385,34.6765,35.0500,7282300
JPM,20031218,1600,35.1285,35.1285,34.5879,35.0400,7733000
JPM,20031219,1600,35.1305,35.1600,34.7276,35.1600,12023200
JPM,20031222,1600,35.1557,35.4898,35.0377,35.4800,8872000
JPM,20031223,1600,35.4419,35.6679,35.3731,35.5500,7058300
JPM,20031224,1600,35.5591,35.6279,35.4117,35.5100,2007000
JPM,20031226,1600,35.6491,35.6885,35.5017,35.6000,1347300
JPM,20031229,1600,35.6445,35.9098,35.6052,35.9000,5532000
JPM,20031230,1600,35.9110,36.0486,35.8914,35.9700,5358700
JPM,20031231,1600,36.1688,36.2081,35.9722,36.1000,6141100
JPM,20040102,1600,36.2705,36.7764,36.2407,36.3300,9280500
JPM,20040105,1600,36.3691,36.5675,36.0120,36.2600,9715400
JPM,20040106,1600,36.8526,37.2692,36.7930,37.1700,21209800
JPM,20040107,1600,37.1942,37.7794,37.1843,37.7100,14472600
JPM,20040108,1600,37.7946,38.4592,37.7549,38.3600,11834300
JPM,20040109,1600,38.0929,38.8270,38.0433,38.4500,10569000
JPM,20040112,1600,38.1923,38.8371,38.1130,38.4800,7044400
JPM,20040113,1600,38.4908,38.6396,38.1436,38.5900,7205200
JPM,20040114,1600,38.7611,39.0091,38.6124,38.9000,8672300
JPM,20040115,1600,39.5326,39.6318,38.3918,38.6100,50329900
JPM,20040116,1600,38.6822,38.9599,38.6326,38.9500,18767200
JPM,20040120,1600,39.0875,39.2066,38.5717,38.7800,18914100
JPM,20040121,1600,38.7781,39.7800,38.6590,39.7800,20679600
JPM,20040122,1600,39.7192,40.2053,39.4315,39.6200,15683600
JPM,20040123,1600,39.6173,39.9644,39.0519,39.2800,10503600
JPM,20040126,1600,39.1364,39.9598,39.0174,39.9400,12289900
JPM,20040127,1600,39.8290,39.8985,39.5711,39.7100,9141000
JPM,20040128,1600,39.6830,39.8616,38.6314,38.8100,14578500
JPM,20040129,1600,38.8590,39.0872,38.0952,38.7400,12886900
JPM,20040130,1600,38.7387,38.8181,38.4312,38.5800,8622300
JPM,20040202,1600,38.7893,39.0869,38.5512,38.7000,8810200
JPM,20040203,1600,38.7902,38.8498,38.4529,38.8200,6921800
JPM,20040204,1600,38.8084,38.9175,38.5406,38.6100,7851100
JPM,20040205,1600,38.7988,38.8881,38.3028,38.6500,6487100
JPM,20040206,1600,38.6859,39.4993,38.5966,39.4100,7312300
JPM,20040209,1600,39.5272,39.5768,39.1900,39.1900,6090000
JPM,20040210,1600,39.1104,39.3881,39.0013,39.1600,7191400
JPM,20040211,1600,39.2655,40.0690,39.2060,39.9500,11688200
JPM,20040212,1600,39.9011,40.0797,39.6630,40.0400,8121300
JPM,20040213,1600,40.1475,40.3261,39.6813,39.8400,6907200
JPM,20040217,1600,40.0919,40.4788,39.9233,40.3300,8309400
JPM,20040218,1600,40.3385,40.4079,40.0211,40.1500,7170700
JPM,20040219,1600,40.4007,40.7876,40.1428,40.4900,14877300
JPM,20040220,1600,40.4880,40.5376,40.0119,40.2400,9572100
JPM,20040223,1600,40.2579,40.3471,39.8511,39.9900,8355200
JPM,20040224,1600,39.7808,40.2669,39.7114,39.8800,10757900
JPM,20040225,1600,40.0796,40.1292,39.6332,40.0300,9655500
JPM,20040226,1600,40.0217,40.3292,39.8233,40.2300,6612000
JPM,20040227,1600,40.3329,40.8686,40.2337,40.6900,9295700
JPM,20040301,1600,40.9024,41.2794,40.7933,41.2000,10655400
JPM,20040302,1600,41.0820,41.6375,41.0622,41.3300,8802700
JPM,20040303,1600,41.3434,41.8096,41.1648,41.7600,7990900
JPM,20040304,1600,41.6648,42.3096,41.6648,42.2600,9311600
JPM,20040305,1600,42.2533,43.4832,42.0054,42.6600,16242100
JPM,20040308,1600,42.6892,43.1355,42.5702,42.5900,8789300
JPM,20040309,1600,42.5962,42.5962,41.9514,42.1300,9036700
JPM,20040310,1600,42.1463,42.1463,41.4619,41.6900,10364300
JPM,20040311,1600,41.4165,42.0018,40.8709,40.9800,11924500
JPM,20040312,1600,41.0214,41.3090,40.8031,41.1900,10815400
JPM,20040315,1600,40.9472,40.9869,40.4215,40.6000,7970000
JPM,20040316,1600,40.8214,41.1686,40.6726,41.0000,7481600
JPM,20040317,1600,41.3547,42.1086,41.3547,41.9400,8745600
JPM,20040318,1600,41.4618,41.7792,41.3626,41.6800,10219700
JPM,20040319,1600,41.6845,42.0119,40.8214,41.0000,9468900
JPM,20040322,1600,40.9164,40.9164,40.1129,40.4700,9690300
JPM,20040323,1600,40.8186,41.0666,40.5210,40.6500,10830000
JPM,20040324,1600,40.6580,40.7274,40.2116,40.4100,7835100
JPM,20040325,1600,40.5252,41.2890,40.3764,41.1700,8173900
JPM,20040326,1600,40.9696,41.3466,40.8704,40.9200,6019400
JPM,20040329,1600,41.1348,41.8291,41.1348,41.7200,7541100
JPM,20040330,1600,41.7194,41.8681,41.5111,41.6400,7785300
JPM,20040331,1600,41.7489,41.8976,41.4017,41.6100,7842800
JPM,20040401,1600,41.6125,42.0589,41.6026,41.9200,10295200
JPM,20040402,1600,42.5000,42.5700,41.1000,41.5300,12806900
JPM,20040405,1600,41.2800,41.7500,41.1300,41.7500,10003200
JPM,20040406,1600,41.6000,41.6000,41.3500,41.5000,7845200
JPM,20040407,1600,41.5000,41.5700,41.2200,41.3700,7224700
JPM,20040408,1600,41.7500,41.7700,41.0000,41.1500,4961800
JPM,20040412,1600,41.1600,41.5700,41.1100,41.5600,4989800
JPM,20040413,1600,41.6400,41.6400,40.0000,40.0400,11592300
JPM,20040414,1600,39.6600,40.0300,39.0100,39.2700,12978200
JPM,20040415,1600,39.3400,39.5700,38.2400,38.7700,15835000
JPM,20040416,1600,39.0200,39.5600,38.9100,39.2600,9741200
JPM,20040419,1600,39.2500,39.4500,38.8700,39.3600,7395300
JPM,20040420,1600,39.4200,39.4900,38.5000,38.5400,9028300
JPM,20040421,1600,38.5400,38.5400,37.4500,37.6800,18611600
JPM,20040422,1600,37.7000,38.6800,37.5200,38.3800,14094200
JPM,20040423,1600,38.4000,38.4500,37.9200,38.3000,7214500
JPM,20040426,1600,38.3100,39.5800,38.2600,38.5500,7071300
JPM,20040427,1600,38.5600,38.9500,38.3700,38.6200,8743600
JPM,20040428,1600,38.5500,38.5500,37.8900,37.9300,7048500
JPM,20040429,1600,37.9700,38.4200,37.4600,37.6500,10451500
JPM,20040430,1600,37.8000,38.0000,37.5500,37.6000,7720300
JPM,20040503,1600,38.0100,38.0100,37.4700,37.8600,8119800
JPM,20040504,1600,37.9300,38.7500,37.8100,38.3100,9740200
JPM,20040505,1600,38.3100,38.4500,37.9000,38.0500,8968500
JPM,20040506,1600,37.8000,38.0500,37.3200,37.6000,7717600
JPM,20040507,1600,37.4900,37.7100,36.4700,36.4800,11997100
JPM,20040510,1600,35.9500,36.0000,34.6200,35.4100,21494100
JPM,20040511,1600,35.9000,35.9000,34.9300,35.1900,16614000
JPM,20040512,1600,35.3000,35.7800,34.7600,35.7700,16837000
JPM,20040513,1600,35.5500,36.3900,35.4800,35.8200,9840900
JPM,20040514,1600,35.7300,36.2400,35.3300,35.6600,9251400
JPM,20040517,1600,35.0600,35.4700,34.7500,35.3100,10311700
JPM,20040518,1600,35.6800,35.9700,35.4900,35.5700,8825600
JPM,20040519,1600,36.0000,36.3000,35.7100,35.7400,10945700
JPM,20040520,1600,35.7500,36.3000,35.7500,35.9100,7384700
JPM,20040521,1600,35.8800,36.2400,35.8700,36.0800,7116500
JPM,20040524,1600,36.2700,36.4700,35.9000,36.0800,6079600
JPM,20040525,1600,36.0900,36.9000,35.8000,36.8400,8236600
JPM,20040526,1600,36.8500,37.0200,36.5000,36.8300,6704000
JPM,20040527,1600,36.9900,37.1000,36.5100,36.9500,8163000
JPM,20040528,1600,36.8700,36.9600,36.6600,36.8400,4311000
JPM,20040601,1600,36.8400,37.0500,36.5000,36.8500,5619300
JPM,20040602,1600,37.0500,37.3900,36.7500,37.3000,6267700
JPM,20040603,1600,37.1500,37.2000,36.8400,36.9600,7280700
JPM,20040604,1600,37.3000,37.4900,37.1500,37.2800,5832100
JPM,20040607,1600,37.5300,38.1500,37.5200,38.1400,7368400
JPM,20040608,1600,38.0500,38.1900,37.7800,38.0600,7042800
JPM,20040609,1600,37.9900,38.0400,37.6000,37.6800,6053000
JPM,20040610,1600,37.7100,37.8000,37.4800,37.8000,5198600
JPM,20040614,1600,37.7300,37.7300,37.0200,37.1600,6317600
JPM,20040615,1600,37.6000,37.6600,37.1900,37.2500,8166300
JPM,20040616,1600,37.2800,37.4400,37.0900,37.2600,2660700
JPM,20040617,1600,37.2800,37.5900,37.1300,37.3200,5747200
JPM,20040618,1600,37.4100,37.6600,37.1300,37.2300,12954700
JPM,20040621,1600,37.2000,37.3900,36.9000,37.0000,5511700
JPM,20040622,1600,37.0000,37.0200,36.7000,36.9600,9628200
JPM,20040623,1600,37.1000,37.6200,37.0700,37.6200,9303600
JPM,20040624,1600,37.6200,37.9300,37.5800,37.8100,8419100
JPM,20040625,1600,37.7800,38.5100,37.7700,37.9900,12548600
JPM,20040628,1600,38.0900,38.5800,37.8500,37.9500,11788300
JPM,20040629,1600,37.9500,38.3800,37.8000,38.2900,9783100
JPM,20040630,1600,38.3800,38.8500,38.2000,38.7700,16631600
JPM,20040701,1600,38.5800,38.6400,37.7000,38.1700,15371800
JPM,20040702,1600,38.1800,38.4900,37.9500,38.0800,8373200
JPM,20040706,1600,38.0000,38.0200,37.2200,37.2500,15088300
JPM,20040707,1600,37.2600,37.3700,36.6500,36.8600,13645000
JPM,20040708,1600,36.9200,37.2300,36.6600,36.7500,9619100
JPM,20040709,1600,37.0400,37.0600,36.6300,36.8300,7199600
JPM,20040712,1600,37.0000,37.1500,36.7200,36.9000,9447300
JPM,20040713,1600,36.7000,37.2700,36.7000,37.1400,9596200
JPM,20040714,1600,36.8700,37.2800,36.2900,36.4500,10907500
JPM,20040715,1600,36.5400,36.6400,35.9100,36.0000,12141900
JPM,20040716,1600,36.2500,36.3000,35.7600,35.8700,10179400
JPM,20040719,1600,35.9500,36.2300,35.7100,36.0000,9112100
JPM,20040720,1600,35.9300,36.6200,35.4960,36.4000,10994300
JPM,20040721,1600,37.2500,37.8000,36.7000,36.8200,18145600
JPM,20040722,1600,36.5300,36.9900,36.1200,36.7800,12868900
JPM,20040723,1600,36.6000,36.9300,36.3700,36.5300,10259500
JPM,20040726,1600,36.4400,36.6300,36.1600,36.4700,8089000
JPM,20040727,1600,36.6300,37.1400,36.4800,36.9100,8491200
JPM,20040728,1600,37.0000,37.3500,36.3600,37.0700,8535900
JPM,20040729,1600,37.2500,37.4900,36.8000,37.1400,8556300
JPM,20040730,1600,37.0000,37.3900,36.8800,37.3300,7910500
JPM,20040802,1600,37.2300,37.4800,36.9100,37.4100,8075700
JPM,20040803,1600,37.4500,37.5100,36.9200,37.0700,9108700
JPM,20040804,1600,37.0000,37.0900,36.6400,37.0500,4251200
JPM,20040805,1600,37.2400,37.2900,36.1500,36.2800,8439500
JPM,20040806,1600,36.1500,36.6600,35.9000,36.0900,9666200
JPM,20040809,1600,36.0600,36.2600,35.9500,36.0700,7355900
JPM,20040810,1600,36.2000,36.3800,36.2000,36.3300,1395500
JPM,20040811,1600,36.8200,37.0200,36.5000,36.9000,7271900
JPM,20040812,1600,36.9000,36.9800,36.7500,36.8600,7201400
JPM,20040813,1600,36.8200,36.9300,36.5000,36.8700,6165000
JPM,20040816,1600,36.9500,37.8000,36.9300,37.7400,9070700
JPM,20040817,1600,37.9500,38.2500,37.8600,37.9300,10501300
JPM,20040818,1600,37.9000,38.3700,37.8300,38.3200,9555700
JPM,20040819,1600,38.3200,38.3200,37.8500,38.0000,7859600
JPM,20040820,1600,37.9700,38.8000,37.9200,38.6500,9293600
JPM,20040823,1600,38.7500,38.8800,38.4700,38.5500,8000900
JPM,20040824,1600,38.7500,38.8500,38.3400,38.5900,6038500
JPM,20040825,1600,38.6000,39.6300,38.6000,39.4400,11953600
JPM,20040826,1600,39.3200,39.6500,39.1000,39.4500,8500300
JPM,20040827,1600,39.5500,39.8000,39.5000,39.7200,6590800
JPM,20040830,1600,39.6700,39.6900,39.1000,39.1000,5918800
JPM,20040831,1600,39.1100,39.5800,38.9100,39.5800,6823500
JPM,20040901,1600,39.5200,39.6500,39.2100,39.3300,2884400
JPM,20040902,1600,39.4500,39.9900,39.2700,39.8400,7881400
JPM,20040903,1600,39.7500,40.0000,39.7000,39.8500,6939300
JPM,20040907,1600,39.8500,40.1000,39.7100,39.8700,10487500
JPM,20040908,1600,39.6200,39.8900,39.4800,39.5800,7660400
JPM,20040909,1600,39.5100,39.8200,39.3500,39.7400,7663900
JPM,20040910,1600,39.6200,39.9200,39.4700,39.8000,6536900
JPM,20040913,1600,39.6900,39.8800,39.1600,39.1600,8320200
JPM,20040914,1600,39.3000,39.6700,39.2900,39.4900,7749300
JPM,20040915,1600,39.3700,39.4500,39.1100,39.2200,2709500
JPM,20040916,1600,39.3100,39.8400,39.1500,39.5800,10947400
JPM,20040917,1600,39.6800,39.8000,39.5100,39.6500,9749500
JPM,20040920,1600,39.6600,39.6600,39.3000,39.3800,7806700
JPM,20040921,1600,39.5000,40.2500,39.5000,40.1000,10298500
JPM,20040922,1600,39.5000,39.9400,39.3500,39.8500,12767500
JPM,20040923,1600,39.7500,39.7600,39.4100,39.4600,9352100
JPM,20040924,1600,39.4700,39.9300,39.4200,39.7500,8779600
JPM,20040927,1600,39.6200,39.6300,39.0600,39.1300,10374800
JPM,20040928,1600,39.1400,39.4700,38.9500,39.3800,8002100
JPM,20040929,1600,39.3800,39.6800,39.0400,39.6800,7725600
JPM,20040930,1600,39.6500,39.7900,39.4200,39.7300,8422700
JPM,20041001,1600,39.9000,40.4000,39.8600,40.3400,11375700
JPM,20041004,1600,40.3300,40.4500,39.7500,39.7600,12622200
JPM,20041005,1600,39.7000,39.8100,39.0600,39.4600,12012800
JPM,20041006,1600,39.3100,39.5300,39.1600,39.4900,7631200
JPM,20041007,1600,39.5200,39.8900,39.4100,39.5300,7051800
JPM,20041008,1600,39.5400,39.7700,39.2600,39.6500,6542800
JPM,20041011,1600,39.5000,39.6900,39.3800,39.3800,3363700
JPM,20041012,1600,39.0500,39.6400,39.0100,39.5100,8410800
JPM,20041013,1600,39.6000,39.6900,38.9500,39.2400,7602800
JPM,20041014,1600,39.2400,39.2400,38.2000,38.5300,11762100
JPM,20041015,1600,38.5300,39.1000,38.5200,38.7400,8057300
JPM,20041018,1600,38.5500,39.1100,38.5300,39.0000,5916200
JPM,20041019,1600,38.7500,39.3800,37.7900,38.0200,7270000
JPM,20041020,1600,36.7000,37.4300,36.3210,37.3300,15636000
JPM,20041021,1600,37.0800,37.8500,37.0500,37.7000,11581300
JPM,20041022,1600,37.8000,37.8800,37.4000,37.4700,8983300
JPM,20041025,1600,37.4700,37.5300,36.9000,37.0200,11971100
JPM,20041026,1600,37.0200,37.6000,36.9500,37.4900,10566300
JPM,20041027,1600,37.3500,38.1800,37.0300,38.0200,11518800
JPM,20041028,1600,37.8500,38.4900,37.6700,38.4900,5310400
JPM,20041029,1600,38.4200,38.6200,38.0200,38.6000,11215900
JPM,20041101,1600,38.7700,38.9400,38.4300,38.5000,10154500
JPM,20041102,1600,38.5000,39.1700,38.4100,38.5500,10176100
JPM,20041103,1600,39.3500,39.4300,38.6300,38.8500,11107800
JPM,20041104,1600,38.7500,39.6600,38.5000,39.6400,12159200
JPM,20041105,1600,39.6400,39.9100,39.0000,39.3500,13418700
JPM,20041108,1600,39.3200,39.4500,39.1100,39.2800,8001200
JPM,20041109,1600,39.3300,39.4900,39.1100,39.2400,4204800
JPM,20041110,1600,37.3895,37.3990,37.0746,37.1700,7633400
JPM,20041111,1600,37.4091,37.6190,37.0942,37.3900,8004300
JPM,20041112,1600,37.1510,37.4945,37.1223,37.3800,11168600
JPM,20041115,1600,37.2173,37.3700,37.1696,37.3700,8794300
JPM,20041116,1600,36.7386,36.9867,36.6432,36.7100,14141300
JPM,20041117,1600,36.7395,37.0544,36.3769,36.5200,14438700
JPM,20041118,1600,36.4526,36.5862,36.0614,36.0900,14942800
JPM,20041119,1600,36.1681,36.2444,35.5669,35.7100,14346300
JPM,20041122,1600,35.7060,36.1163,35.4483,35.8300,13073300
JPM,20041123,1600,35.9259,35.9736,35.5537,35.8400,10883200
JPM,20041124,1600,36.0463,36.0654,35.8269,35.9700,6854700
JPM,20041126,1600,35.9695,36.0554,35.8741,35.9600,3143500
JPM,20041129,1600,35.9626,36.1248,35.4092,35.6000,10747600
JPM,20041130,1600,35.4815,35.9777,35.3670,35.9300,13032200
JPM,20041201,1600,36.0719,36.5300,36.0433,36.5300,11122800
JPM,20041202,1600,36.4987,36.8518,36.4510,36.6800,8238200
JPM,20041203,1600,36.6254,36.7590,36.2532,36.3200,10918000
JPM,20041206,1600,36.2078,36.6562,36.0361,36.3700,10695800
JPM,20041207,1600,36.4522,36.5476,36.0705,36.0800,8779000
JPM,20041208,1600,36.0781,36.0972,35.8109,35.8300,11421600
JPM,20041209,1600,35.5402,36.1508,35.5402,35.9600,10360900
JPM,20041210,1600,35.9386,36.1295,35.7764,35.9100,8579000
JPM,20041213,1600,36.2614,36.6431,36.1851,36.5000,14880100
JPM,20041214,1600,36.5692,37.0273,36.5501,36.9700,12084600
JPM,20041215,1600,37.0205,37.4499,36.9824,37.2400,13420900
JPM,20041216,1600,37.0259,37.2168,36.8637,37.1500,11590300
JPM,20041217,1600,36.4546,37.0463,36.4451,36.7600,14179700
JPM,20041220,1600,36.8300,37.0972,36.7537,36.8300,8837800
JPM,20041221,1600,36.8792,37.4518,36.8697,37.2800,8686400
JPM,20041222,1600,37.1637,37.4308,37.0205,37.2400,9282700
JPM,20041223,1600,37.3318,37.6754,37.3127,37.3700,8556100
JPM,20041227,1600,37.4013,37.4872,37.1437,37.2200,5639800
JPM,20041228,1600,37.1810,37.4959,37.1619,37.4100,5420000
JPM,20041229,1600,37.2269,37.3700,37.1601,37.3700,6008200
JPM,20041230,1600,37.3663,37.5190,37.2614,37.2900,4745700
JPM,20041231,1600,37.2868,37.3727,37.1628,37.2200,5754000
JPM,20050103,1600,37.6749,37.8753,37.2264,37.3600,14957900
JPM,20050104,1600,37.5186,37.5956,36.8834,36.9700,11360900
JPM,20050105,1600,37.1559,37.4639,36.9537,37.0500,9770200
JPM,20050106,1600,37.3178,37.5199,37.1926,37.2600,9115900
JPM,20050107,1600,37.2391,37.4124,36.9504,36.9600,9971200
JPM,20050110,1600,36.8400,37.0710,36.6282,36.8400,9284500
JPM,20050111,1600,36.6725,36.8169,36.4800,36.4800,8966300
JPM,20050112,1600,36.5796,36.6085,36.1657,36.5700,9075900
JPM,20050113,1600,36.5814,36.9472,36.3022,36.3600,9646600
JPM,20050114,1600,36.3611,36.5536,36.2360,36.3900,7346500
JPM,20050118,1600,36.2959,37.0466,36.1130,36.9600,9729100
JPM,20050119,1600,36.5836,37.0071,36.4104,36.4200,15845900
JPM,20050120,1600,36.3895,36.4184,35.7252,35.8600,15240300
JPM,20050121,1600,35.8550,36.0860,35.4700,35.4700,14174400
JPM,20050124,1600,35.4807,35.8273,35.3845,35.5000,12870700
JPM,20050125,1600,35.6051,35.8169,35.4511,35.4800,9986100
JPM,20050126,1600,35.4211,35.6136,35.3826,35.4500,14555600
JPM,20050127,1600,35.2449,35.5144,35.1390,35.3700,9791100
JPM,20050128,1600,35.4945,35.6100,35.2539,35.6100,15282000
JPM,20050131,1600,35.8819,35.9974,35.8434,35.9300,14111800
JPM,20050201,1600,36.1000,36.2348,35.9075,36.1000,14015400
JPM,20050202,1600,36.1007,36.1393,35.9852,36.1200,13147400
JPM,20050203,1600,36.0670,36.1248,35.9515,35.9900,10737700
JPM,20050204,1600,36.0394,36.3281,36.0008,36.2800,10662400
JPM,20050207,1600,36.2901,36.6463,36.1938,36.5500,9438000
JPM,20050208,1600,36.5040,36.5714,36.2826,36.3500,7579200
JPM,20050209,1600,36.2059,36.3310,36.0519,36.1000,7084500
JPM,20050210,1600,36.1559,36.2521,35.9922,36.0500,8872600
JPM,20050211,1600,35.9067,36.1763,35.7527,36.0800,10676700
JPM,20050214,1600,36.1674,36.1674,35.8786,36.1000,6686000
JPM,20050215,1600,36.2555,36.3325,36.0438,36.1400,8145300
JPM,20050216,1600,35.9396,36.0262,35.7856,35.9300,9579800
JPM,20050217,1600,35.8812,35.9679,35.4000,35.4000,12155800
JPM,20050218,1600,35.2747,35.3806,34.9379,35.1400,17789700
JPM,20050222,1600,35.1382,35.2537,34.5511,34.5800,14882000
JPM,20050223,1600,34.8213,35.2062,34.6480,35.1100,12550200
JPM,20050224,1600,35.1560,35.5122,35.0886,35.3100,9123400
JPM,20050225,1600,35.3108,35.6959,35.2819,35.5900,8776200
JPM,20050228,1600,35.5843,35.6324,35.1511,35.1800,11403900
JPM,20050301,1600,35.6134,35.9406,35.4979,35.7000,10170900
JPM,20050302,1600,35.6196,36.0240,35.4945,35.6100,9392100
JPM,20050303,1600,35.7547,35.7836,35.3216,35.6200,8372400
JPM,20050304,1600,35.8597,36.3795,35.7346,36.1100,12698300
JPM,20050307,1600,36.1036,36.1421,35.9111,35.9400,11265600
JPM,20050308,1600,35.8392,35.8873,35.5311,35.5600,9934400
JPM,20050309,1600,35.3502,35.4369,34.9749,35.1000,17648000
JPM,20050310,1600,35.1155,35.2310,34.9326,35.0000,11903100
JPM,20050311,1600,34.9044,35.0199,34.6541,34.7600,9297300
JPM,20050314,1600,34.7627,35.1285,34.5220,35.0900,13097500
JPM,20050315,1600,35.1402,35.2942,34.8323,34.8900,8607000
JPM,20050316,1600,34.8900,35.0344,34.6975,34.8900,13404700
JPM,20050317,1600,34.8674,34.9251,34.5593,34.8000,9034600
JPM,20050318,1600,34.8044,34.8910,34.4771,34.6600,18106400
JPM,20050321,1600,34.5366,34.6040,34.1709,34.4500,11448100
JPM,20050322,1600,34.6549,34.6549,33.6537,33.7500,14833000
JPM,20050323,1600,33.7451,33.9665,33.5719,33.6200,17485800
JPM,20050324,1600,33.7836,33.8317,33.5623,33.6200,11987900
JPM,20050328,1600,33.6270,33.7714,33.4345,33.5500,8804800
JPM,20050329,1600,33.3574,33.7906,33.0397,33.2900,14720400
JPM,20050330,1600,33.2261,33.6689,33.1780,33.6400,11279800
JPM,20050331,1600,33.5887,33.6176,33.2326,33.3000,13312200
JPM,20050401,1600,33.4898,33.7979,32.5753,32.9700,20140200
JPM,20050404,1600,32.7328,33.0050,32.4217,32.8300,15639300
JPM,20050405,1600,33.0561,33.7950,33.0269,33.6200,15200900
JPM,20050406,1600,33.7881,33.9436,33.6617,33.7200,10676000
JPM,20050407,1600,33.7814,34.1216,33.7036,33.8300,8304500
JPM,20050408,1600,33.8900,33.9775,33.5400,33.5400,6360800
JPM,20050411,1600,33.7086,33.8447,33.6114,33.6600,7172800
JPM,20050412,1600,33.6616,34.2256,33.3019,34.0700,14425600
JPM,20050413,1600,34.0767,34.1156,33.5419,33.6100,11500600
JPM,20050414,1600,33.6094,33.6483,33.2400,33.2400,11012300
JPM,20050415,1600,33.3011,33.7387,32.9511,32.9900,15012100
JPM,20050418,1600,33.3008,33.9522,33.2619,33.6800,16011300
JPM,20050419,1600,33.7661,34.1842,33.7175,33.9800,10932200
JPM,20050420,1600,34.6357,34.8787,33.7608,33.7900,25470000
JPM,20050421,1600,34.0506,34.1964,33.3699,34.0700,16555800
JPM,20050422,1600,33.8028,34.2014,33.5986,33.9000,13476600
JPM,20050425,1600,34.0053,34.2192,33.9178,34.1900,9174600
JPM,20050426,1600,34.2072,34.4503,34.0711,34.1100,8410100
JPM,20050427,1600,34.1017,34.7530,33.9948,34.5100,11456900
JPM,20050428,1600,34.3222,34.5264,34.0306,34.0500,12987700
JPM,20050429,1600,34.0528,34.5097,33.9459,34.5000,14205800
JPM,20050502,1600,34.5897,34.6092,34.1425,34.5800,10170400
JPM,20050503,1600,34.5878,34.8211,34.2864,34.5100,12748700
JPM,20050504,1600,34.5263,35.1681,34.4680,35.1000,12880000
JPM,20050505,1600,35.1430,35.1819,34.5306,34.9000,8286700
JPM,20050506,1600,34.9992,35.0478,34.5131,34.6200,7313800
JPM,20050509,1600,34.5711,34.9989,34.5517,34.9600,6858100
JPM,20050510,1600,34.6072,34.6266,34.0239,34.1600,13667900
JPM,20050511,1600,34.1644,34.4561,33.8922,34.3200,9091900
JPM,20050512,1600,34.3655,34.4044,33.6656,33.8600,11278100
JPM,20050513,1600,33.8597,33.8597,33.1598,33.5000,13913000
JPM,20050516,1600,33.6242,33.9450,33.5659,33.7700,10447100
JPM,20050517,1600,33.5495,34.2786,33.5398,34.2300,11668100
JPM,20050518,1600,34.6125,35.0986,34.4764,35.0500,14821100
JPM,20050519,1600,34.8300,35.2869,34.8106,35.1800,10298500
JPM,20050520,1600,35.1864,35.2545,34.9142,35.0600,7475100
JPM,20050523,1600,34.9003,34.9975,34.7253,34.9100,7940900
JPM,20050524,1600,34.9678,34.9969,34.6664,34.8900,6290700
JPM,20050525,1600,34.7933,34.9975,34.7058,34.9100,5064800
JPM,20050526,1600,35.0372,35.0858,34.7261,34.9400,5880200
JPM,20050527,1600,34.9559,35.0434,34.7225,34.8100,6003700
JPM,20050531,1600,34.8378,35.0031,34.6530,34.7600,7597500
JPM,20050601,1600,34.5755,35.4895,34.5755,34.7700,12206800
JPM,20050602,1600,34.2736,34.7889,34.0402,34.7500,15578700
JPM,20050603,1600,34.6281,34.8516,34.4239,34.5600,8616400
JPM,20050606,1600,34.4811,34.5978,34.2186,34.5200,5933100
JPM,20050607,1600,34.5289,34.9372,34.4608,34.4900,8578500
JPM,20050608,1600,34.5633,34.8161,34.4953,34.6800,7721800
JPM,20050609,1600,34.5294,34.7044,34.3253,34.5100,7090400
JPM,20050610,1600,34.6153,34.6542,34.2653,34.4500,6504700
JPM,20050613,1600,34.3059,34.7627,34.2864,34.5100,7127600
JPM,20050614,1600,34.4642,34.7364,34.4058,34.6100,5900100
JPM,20050615,1600,34.7492,34.9047,34.6228,34.7200,9128200
JPM,20050616,1600,34.6667,35.0458,34.6181,34.9000,9775400
JPM,20050617,1600,35.1870,35.1967,34.8855,35.0800,15436700
JPM,20050620,1600,34.9042,35.1861,34.8069,35.0500,8378700
JPM,20050621,1600,35.0497,35.1372,34.9039,35.0400,5783400
JPM,20050622,1600,35.1917,35.4153,35.0556,35.2500,9192700
JPM,20050623,1600,35.4064,35.4161,34.9203,34.9300,10695500
JPM,20050624,1600,34.9008,35.0272,34.4147,34.5800,12273900
JPM,20050627,1600,34.5903,34.7750,34.5319,34.6000,8561800
JPM,20050628,1600,34.7742,34.9200,34.6284,34.9200,5892400
JPM,20050629,1600,34.9794,35.0961,34.8822,34.9600,6204900
JPM,20050630,1600,34.7192,35.0011,34.3400,34.3400,10788500
JPM,20050701,1600,34.5771,34.6556,34.3709,34.4200,10686600
JPM,20050705,1600,34.3595,34.6343,34.1729,34.3300,7921200
JPM,20050706,1600,34.3627,34.5100,33.8031,33.9700,10760500
JPM,20050707,1600,33.9674,33.9674,33.6729,33.8300,10625900
JPM,20050708,1600,33.9737,34.3860,33.8657,34.1700,9587000
JPM,20050711,1600,34.1727,34.6832,34.1138,34.3200,8455100
JPM,20050712,1600,34.3153,34.6982,34.2172,34.6000,14462200
JPM,20050713,1600,34.6044,34.9185,34.5259,34.8400,11108900
JPM,20050714,1600,35.0007,35.2069,34.8338,35.0400,8773400
JPM,20050715,1600,35.0331,35.2883,34.9448,35.2000,7631300
JPM,20050718,1600,35.0171,35.0367,34.7324,34.8600,8386100
JPM,20050719,1600,34.8545,35.0508,34.4520,34.5600,12573900
JPM,20050720,1600,34.5789,34.8636,34.2058,34.5200,13308600
JPM,20050721,1600,35.0445,35.0445,34.3573,34.7500,9322000
JPM,20050722,1600,34.7537,34.9500,34.6751,34.9500,6976600
JPM,20050725,1600,34.8980,34.9471,34.5937,34.7900,5979400
JPM,20050726,1600,34.9850,34.9949,34.6611,34.7200,6473500
JPM,20050727,1600,34.8669,34.8767,34.4251,34.7000,8414600
JPM,20050728,1600,34.7118,34.8395,34.5351,34.8100,7518400
JPM,20050729,1600,34.8044,34.8044,34.4705,34.5000,8494900
JPM,20050801,1600,34.6696,34.7874,34.5028,34.6500,7263000
JPM,20050802,1600,34.8215,34.9884,34.6546,34.9000,6646600
JPM,20050803,1600,34.9109,34.9993,34.7735,34.9600,9788200
JPM,20050804,1600,34.7707,34.8689,34.7020,34.8100,9565300
JPM,20050805,1600,34.6982,34.8454,34.5607,34.6000,9288400
JPM,20050808,1600,34.6641,34.7820,34.3009,34.3500,5770300
JPM,20050809,1600,34.4293,34.6747,34.2722,34.3900,5923500
JPM,20050810,1600,34.6115,34.7097,33.9931,34.1600,9726700
JPM,20050811,1600,34.1602,34.3271,33.8264,34.1700,9605300
JPM,20050812,1600,34.0039,34.0628,33.6604,33.6800,8664400
JPM,20050815,1600,33.6370,34.1474,33.6174,34.0100,7604000
JPM,20050816,1600,34.0285,34.3525,33.8911,33.9500,8645900
JPM,20050817,1600,34.0165,34.0754,33.7711,33.8300,11000800
JPM,20050818,1600,33.8237,34.1280,33.7452,34.0200,6676300
JPM,20050819,1600,34.1653,34.1653,33.8904,33.9100,6186900
JPM,20050822,1600,33.9585,34.1451,33.7818,33.8800,6593100
JPM,20050823,1600,33.8771,34.0243,33.6807,33.7200,7900100
JPM,20050824,1600,33.6816,33.9564,33.2005,33.2300,13530100
JPM,20050825,1600,33.3624,33.5489,33.2348,33.4900,6982000
JPM,20050826,1600,33.5110,33.5601,33.0104,33.0300,9644200
JPM,20050829,1600,32.8188,33.4667,32.7697,33.2900,7483200
JPM,20050830,1600,33.0974,33.1072,32.6950,32.9600,8907800
JPM,20050831,1600,32.9755,33.2995,32.7497,33.2700,10076800
JPM,20050901,1600,33.1356,33.6560,33.1062,33.4400,9768700
JPM,20050902,1600,33.6469,33.7843,33.4407,33.4800,7100200
JPM,20050906,1600,33.6258,33.9695,33.6258,33.9400,7289600
JPM,20050907,1600,34.2598,34.2696,33.9948,34.2500,10212300
JPM,20050908,1600,34.2945,34.2945,33.8724,34.0000,9160300
JPM,20050909,1600,33.9935,34.2585,33.9739,34.1800,9107300
JPM,20050912,1600,34.1560,34.2542,33.8713,33.9400,9714100
JPM,20050913,1600,33.7654,33.8537,33.5200,33.5200,13029900
JPM,20050914,1600,33.7671,33.8554,33.5511,33.6100,8136800
JPM,20050915,1600,33.7159,33.7945,33.4215,33.5000,8574400
JPM,20050916,1600,33.6039,34.3598,33.5941,34.3500,19557400
JPM,20050919,1600,34.2447,34.3134,33.7931,33.9600,10208200
JPM,20050920,1600,33.8902,34.3123,33.8215,33.9000,12550200
JPM,20050921,1600,33.6649,33.7238,33.3016,33.3900,10551200
JPM,20050922,1600,33.2764,33.7574,33.1685,33.6200,8108600
JPM,20050923,1600,33.5973,33.6562,33.2929,33.4500,9615200
JPM,20050926,1600,33.6240,33.6240,33.2705,33.3000,9849000
JPM,20050927,1600,33.4269,33.5152,33.1226,33.2600,8734600
JPM,20050928,1600,33.2705,33.6338,33.1429,33.3000,8838600
JPM,20050929,1600,33.2292,33.7494,32.8856,33.7200,10701100
JPM,20050930,1600,33.6045,33.6732,33.1627,33.3100,10533700
JPM,20051003,1600,33.5587,33.7943,33.1268,33.4900,14619200
JPM,20051004,1600,33.8357,33.9943,33.2803,33.3200,14992300
JPM,20051005,1600,33.4477,33.5667,33.1601,33.1700,11652000
JPM,20051006,1600,33.2312,33.6973,33.1420,33.3800,12637200
JPM,20051007,1600,33.5902,33.7785,33.4514,33.6100,9923000
JPM,20051010,1600,33.7160,33.7656,33.2301,33.2400,6499600
JPM,20051011,1600,33.2085,33.3870,32.8317,33.0300,10166000
JPM,20051012,1600,32.8710,33.2379,32.7322,32.9900,15446600
JPM,20051013,1600,32.6966,33.4897,32.6371,33.4600,13003500
JPM,20051014,1600,33.6909,33.8991,33.4727,33.7900,11165800
JPM,20051017,1600,33.9182,34.0372,33.4919,33.7100,8469300
JPM,20051018,1600,33.6882,33.8567,33.4503,33.4800,8777600
JPM,20051019,1600,33.8648,34.4598,33.6268,34.4400,19372600
JPM,20051020,1600,34.5988,34.8071,34.1625,34.4600,18561300
JPM,20051021,1600,34.4731,34.8895,34.4731,34.8300,15313700
JPM,20051024,1600,34.9642,35.4897,34.9543,35.4600,14340400
JPM,20051025,1600,35.4002,35.6084,35.2118,35.4200,10839200
JPM,20051026,1600,35.4033,36.0676,35.3240,35.7900,16107000
JPM,20051027,1600,35.7994,36.0077,35.6407,35.7300,10161100
JPM,20051028,1600,35.9119,36.1697,35.6937,36.1300,12044700
JPM,20051031,1600,36.1910,36.4885,36.0919,36.3100,14962500
JPM,20051101,1600,36.4805,36.6788,36.2723,36.5400,19177200
JPM,20051102,1600,36.4041,37.1776,36.3942,36.8900,12955100
JPM,20051103,1600,36.9486,37.1767,36.6709,36.7800,10366900
JPM,20051104,1600,36.7818,37.0197,36.7421,36.9900,11269800
JPM,20051107,1600,37.1419,37.4096,37.0625,37.3600,8644600
JPM,20051108,1600,37.1191,37.2579,36.9308,37.0200,7807400
JPM,20051109,1600,37.0331,37.4099,36.8943,37.4000,11315500
JPM,20051110,1600,37.4348,38.0892,37.3653,38.0000,16843700
JPM,20051111,1600,37.8508,38.0590,37.6723,37.9400,8195900
JPM,20051114,1600,37.6613,37.8992,37.6613,37.8100,8725900
JPM,20051115,1600,37.6975,37.9256,37.3307,37.4100,10030500
JPM,20051116,1600,37.5892,37.6288,37.1330,37.4900,10959700
JPM,20051117,1600,37.3819,37.6794,37.3819,37.6100,9583900
JPM,20051118,1600,37.6803,37.8092,37.3034,37.7100,14886000
JPM,20051121,1600,37.6785,37.7380,37.4504,37.5000,10634100
JPM,20051122,1600,37.3544,37.9395,37.2057,37.8800,11501000
JPM,20051123,1600,37.8849,38.6582,37.8154,38.4500,11983100
JPM,20051125,1600,38.6490,38.6589,38.4209,38.5300,3775300
JPM,20051128,1600,38.6692,38.8179,38.4213,38.5700,11353900
JPM,20051129,1600,38.5308,38.8481,38.4714,38.6300,14807000
JPM,20051130,1600,38.6936,38.7828,37.9003,37.9300,12823600
JPM,20051201,1600,38.1904,38.4482,38.0715,38.2400,12194100
JPM,20051202,1600,38.0651,38.7393,38.0651,38.6600,9823600
JPM,20051205,1600,38.5002,38.5497,38.2424,38.5200,6495100
JPM,20051206,1600,38.8175,38.9463,38.4605,38.5200,12369500
JPM,20051207,1600,38.5167,38.5564,37.9913,38.1400,9663000
JPM,20051208,1600,38.1415,38.5580,38.0920,38.3200,8597600
JPM,20051209,1600,38.3339,38.9685,38.3240,38.7900,8492400
JPM,20051212,1600,38.8101,38.9489,38.5622,38.8200,8013600
JPM,20051213,1600,38.6933,39.2585,38.6734,39.0800,10624800
JPM,20051214,1600,39.0812,39.3886,38.9324,39.2200,8511200
JPM,20051215,1600,39.2302,39.4186,39.0814,39.2500,8737000
JPM,20051216,1600,39.3905,39.5392,39.3013,39.4500,12066400
JPM,20051219,1600,39.3691,39.5673,39.1509,39.2600,15601200
JPM,20051220,1600,39.3492,39.4385,39.0815,39.2600,7655500
JPM,20051221,1600,39.3215,39.6387,39.2620,39.4900,11624300
JPM,20051222,1600,39.6009,39.7695,39.5216,39.7100,10147300
JPM,20051223,1600,39.7807,40.0781,39.6716,39.8600,7005900
JPM,20051227,1600,40.0575,40.2161,39.6311,39.7600,7752400
JPM,20051228,1600,39.7683,39.8873,39.4808,39.5700,9526900
JPM,20051229,1600,39.5200,39.7084,39.4605,39.5200,7390000
JPM,20051230,1600,39.3698,39.4491,39.1418,39.3500,8567500
JPM,20060103,1600,39.4930,40.0186,38.9675,39.8500,12838600
JPM,20060104,1600,39.7800,40.1400,39.4200,39.6200,13491500
JPM,20060105,1600,39.6100,39.8100,39.5000,39.7400,8109400
JPM,20060106,1600,39.9200,40.2400,39.5500,40.0200,7966900
JPM,20060109,1600,39.8800,40.7200,39.8800,40.6700,16575200
JPM,20060110,1600,40.5000,40.7500,40.0700,40.7300,16614800
JPM,20060111,1600,40.7300,40.8700,40.6100,40.7000,12332300
JPM,20060112,1600,40.2500,40.4200,39.9000,39.9500,12230000
JPM,20060113,1600,39.7800,40.0300,39.6500,39.9200,10961200
JPM,20060117,1600,39.4800,39.8200,39.4100,39.7100,9941100
JPM,20060118,1600,39.1100,39.7100,38.9500,39.2800,17813100
JPM,20060119,1600,39.3400,39.4700,38.8000,39.0600,12091800
JPM,20060120,1600,38.8100,38.8200,37.8800,38.0500,20902400
JPM,20060123,1600,38.1400,38.7000,37.9700,38.2700,13172300
JPM,20060124,1600,38.2700,38.5300,38.0900,38.1100,9781500
JPM,20060125,1600,38.1600,38.6800,38.0600,38.4800,14248700
JPM,20060126,1600,38.7100,39.8100,38.7100,39.5900,16187900
