Ticker,Date,Time,Open,High,Low,Close,Vol
MCD,20030303,1600,13.6400,13.6400,12.9900,12.9900,4813200
MCD,20030304,1600,12.8085,12.8971,12.7100,12.7100,3717900
MCD,20030305,1600,12.7669,12.8456,12.5503,12.5700,4830400
MCD,20030306,1600,12.3314,12.6564,12.3215,12.4200,6533900
MCD,20030307,1600,12.2656,12.6988,12.2459,12.6200,7185100
MCD,20030310,1600,12.5562,12.6153,12.2214,12.3100,5142700
MCD,20030311,1600,12.2308,12.5065,12.2308,12.2800,5086900
MCD,20030312,1600,12.2589,12.3574,11.9340,12.1900,8575400
MCD,20030313,1600,12.4031,12.6394,12.3244,12.6000,10172600
MCD,20030314,1600,12.6015,13.3300,12.5621,13.3300,13697400
MCD,20030317,1600,13.3325,13.4998,13.0371,13.4900,8290700
MCD,20030318,1600,13.6863,14.1786,13.5386,14.0900,10155400
MCD,20030319,1600,14.0053,14.4583,13.9068,14.3500,7109700
MCD,20030320,1600,14.3471,14.3471,13.7563,14.1600,4927000
MCD,20030321,1600,14.1936,14.5088,13.9868,14.4300,6466700
MCD,20030324,1600,14.0955,14.1742,13.7214,13.8100,4625800
MCD,20030325,1600,13.8120,14.0778,13.5856,13.9400,3991000
MCD,20030326,1600,14.0297,14.1577,13.8623,14.0100,4533600
MCD,20030327,1600,13.9353,14.4573,13.9058,14.2800,7010500
MCD,20030328,1600,14.2753,14.9644,14.1276,14.6100,8474800
MCD,20030331,1600,14.3286,14.4074,14.1021,14.2400,5990900
MCD,20030401,1600,14.3714,14.4009,13.7906,13.8300,6653500
MCD,20030402,1600,13.8834,14.2772,13.8834,14.1000,7613600
MCD,20030403,1600,14.2045,14.2144,13.6631,13.8600,6190900
MCD,20030404,1600,13.9360,14.3300,13.9360,14.3300,6929300
MCD,20030407,1600,14.6737,15.6191,14.5259,15.5600,20227400
MCD,20030408,1600,15.7083,15.8068,15.3833,15.6000,14791600
MCD,20030409,1600,15.6735,15.6735,15.1320,15.2600,8911300
MCD,20030410,1600,15.4123,15.5600,15.0873,15.5600,6238700
MCD,20030411,1600,15.5498,15.6976,15.3430,15.5400,4512900
MCD,20030414,1600,15.4502,15.6471,15.2138,15.4600,5832800
MCD,20030415,1600,15.5115,15.6592,15.3835,15.6100,5099800
MCD,20030416,1600,15.5297,15.6085,15.2934,15.5100,5860300
MCD,20030417,1600,15.5039,15.7500,14.7853,15.7500,4660400
MCD,20030421,1600,15.7994,15.9372,15.5533,15.7600,4479400
MCD,20030422,1600,15.6031,15.8394,15.5539,15.8000,6030800
MCD,20030423,1600,15.8070,15.8168,15.5903,15.6100,5569900
MCD,20030424,1600,15.5618,15.7588,15.5027,15.6800,3824800
MCD,20030425,1600,15.6783,15.7571,15.5503,15.5700,4201900
MCD,20030428,1600,16.1974,16.6897,15.9020,16.6700,15176600
MCD,20030429,1600,16.9609,17.1382,16.7935,17.0200,9600800
MCD,20030430,1600,16.8498,17.0074,16.6135,16.8400,10335900
MCD,20030501,1600,16.7917,16.9394,16.4568,16.9000,5473300
MCD,20030502,1600,16.9557,17.4086,16.8080,17.3200,4660400
MCD,20030505,1600,17.4071,17.4071,16.9837,17.2200,5003300
MCD,20030506,1600,17.2653,17.7577,17.2259,17.6100,8195200
MCD,20030507,1600,17.3661,17.5433,16.9822,17.1200,7425000
MCD,20030508,1600,16.7930,17.1180,16.6748,16.9900,6003200
MCD,20030509,1600,17.2312,17.3297,17.0934,17.3100,6053800
MCD,20030512,1600,17.3207,18.0198,17.1730,18.0100,8589200
MCD,20030513,1600,18.0097,18.1475,17.7143,17.9900,8963800
MCD,20030514,1600,18.1224,18.2800,17.7777,18.2800,5266900
MCD,20030515,1600,18.2116,18.5167,18.1525,18.3100,8349000
MCD,20030516,1600,18.4173,18.4468,18.1612,18.2400,4385600
MCD,20030519,1600,18.1458,18.1458,17.8209,17.8800,3927000
MCD,20030520,1600,17.8716,18.2162,16.3257,16.6900,27215600
MCD,20030521,1600,17.2072,17.2269,16.6461,17.0300,22420100
MCD,20030522,1600,17.2005,17.5352,17.0626,17.2300,10871500
MCD,20030523,1600,17.2346,17.5792,17.1262,17.5300,6701700
MCD,20030527,1600,17.5394,17.7364,17.3326,17.5000,6552900
MCD,20030528,1600,17.6354,18.1671,17.5861,17.9800,9309600
MCD,20030529,1600,17.8827,18.3357,17.8827,18.0600,4557900
MCD,20030530,1600,18.0560,18.5385,18.0363,18.4400,6125000
MCD,20030602,1600,18.6297,19.1023,18.4426,18.6100,7648400
MCD,20030603,1600,18.6141,18.8898,18.4368,18.8800,4458900
MCD,20030604,1600,18.8379,18.9363,18.6606,18.7000,4967400
MCD,20030605,1600,18.6945,19.0784,18.5075,18.9800,6365700
MCD,20030606,1600,19.6469,21.0059,19.5976,20.7400,20814200
MCD,20030609,1600,20.2644,20.6091,20.0872,20.5500,8762500
MCD,20030610,1600,20.5128,21.3498,20.1780,21.3400,10202700
MCD,20030611,1600,21.3198,21.6054,20.8964,21.3100,8110500
MCD,20030612,1600,21.3195,21.4771,20.8469,21.2900,5308100
MCD,20030613,1600,21.1694,21.4254,20.9823,21.1300,3713000
MCD,20030616,1600,21.0919,21.8600,21.0821,21.8600,5991900
MCD,20030617,1600,21.8600,21.9782,21.5843,21.8600,6999500
MCD,20030618,1600,21.8577,21.8577,21.6115,21.7100,4387000
MCD,20030619,1600,21.3383,21.6534,20.9247,21.2300,7900900
MCD,20030620,1600,21.5914,21.7391,21.2271,21.6800,9686200
MCD,20030623,1600,21.6755,22.0891,21.4490,22.0300,6623700
MCD,20030624,1600,22.1505,22.3867,21.9536,22.1800,6590100
MCD,20030625,1600,22.2053,22.2545,21.7621,21.9000,5600400
MCD,20030626,1600,21.8638,22.1100,21.6176,22.1100,4332600
MCD,20030627,1600,22.0103,22.6012,21.8330,22.0300,5476700
MCD,20030630,1600,22.0252,22.1729,21.5625,21.7200,5748900
MCD,20030701,1600,21.4622,21.7280,21.0782,21.6000,6189300
MCD,20030702,1600,21.4642,22.4291,21.3657,22.3700,6537700
MCD,20030703,1600,22.1519,22.6441,22.0534,22.2700,4350100
MCD,20030707,1600,22.2546,22.8848,22.1266,22.5500,6528600
MCD,20030708,1600,22.4205,22.6075,22.3318,22.4500,7178500
MCD,20030709,1600,22.4015,22.6772,22.1160,22.5000,7697300
MCD,20030710,1600,22.5010,22.5010,21.7821,21.9200,5246200
MCD,20030711,1600,21.9150,22.4958,21.8165,22.2300,5054200
MCD,20030714,1600,22.4857,22.5645,21.5209,21.5800,14126000
MCD,20030715,1600,21.8630,21.8630,20.5630,20.7600,13689300
MCD,20030716,1600,20.7803,20.8492,20.3864,20.8000,10086600
MCD,20030717,1600,20.6823,20.7414,20.0914,20.1800,5163800
MCD,20030718,1600,20.5776,21.1781,20.5086,21.0600,7373900
MCD,20030721,1600,21.0620,21.0620,20.4909,20.5500,6023500
MCD,20030722,1600,20.4941,20.9274,20.4744,20.7600,4073800
MCD,20030723,1600,20.8898,21.0474,20.6142,20.8800,3731200
MCD,20030724,1600,21.0259,21.3115,20.7403,20.7600,3711200
MCD,20030725,1600,20.7555,21.1592,20.4897,21.1100,3978000
MCD,20030728,1600,20.9497,21.0678,20.6248,20.9300,4591600
MCD,20030729,1600,21.4260,22.0562,20.7761,21.8100,10748700
MCD,20030730,1600,21.6365,22.1683,21.5971,22.0600,7254500
MCD,20030731,1600,22.3547,22.8373,22.3055,22.6600,9256600
MCD,20030801,1600,22.6594,22.7185,22.3246,22.6200,4428600
MCD,20030804,1600,22.4269,22.4958,21.8559,22.2300,4703600
MCD,20030805,1600,22.2310,22.2310,21.5812,21.6600,3999600
MCD,20030806,1600,21.3718,21.6082,21.2438,21.4900,4300600
MCD,20030807,1600,21.6609,21.8874,21.5428,21.7200,3422400
MCD,20030808,1600,22.6241,23.5298,22.5453,23.5200,15961700
MCD,20030811,1600,23.3409,23.6167,22.9371,23.4000,6432400
MCD,20030812,1600,23.2035,23.5777,23.1838,23.4300,6500200
MCD,20030813,1600,23.4302,23.4794,22.6722,22.8100,6732300
MCD,20030814,1600,22.5508,22.6886,22.0879,22.6000,7330500
MCD,20030815,1600,22.6497,22.6497,22.4035,22.6300,2884300
MCD,20030818,1600,22.6457,22.6457,22.3011,22.3700,4503200
MCD,20030819,1600,22.3921,22.5989,22.2050,22.5300,3047300
MCD,20030820,1600,22.4530,22.6992,22.3841,22.6500,2740800
MCD,20030821,1600,22.6524,22.7312,22.1108,22.1600,5088900
MCD,20030822,1600,22.2106,22.2795,21.3146,21.6100,7953000
MCD,20030825,1600,21.5843,21.9092,21.4661,21.8600,4139100
MCD,20030826,1600,21.7335,22.0191,21.5563,21.9600,4326800
MCD,20030827,1600,22.0525,22.4266,22.0525,22.2100,4304200
MCD,20030828,1600,22.2562,22.3645,21.9509,22.0100,4295400
MCD,20030829,1600,21.8239,22.2573,21.7255,22.0800,4173500
MCD,20030902,1600,22.1108,22.3668,21.7759,22.1600,6850400
MCD,20030903,1600,22.1529,22.3498,22.0446,22.3400,6741300
MCD,20030904,1600,22.5082,23.1383,22.4589,23.0300,9658300
MCD,20030905,1600,23.0286,23.1763,22.6939,22.9400,5618500
MCD,20030908,1600,22.9506,23.1278,22.8620,22.9900,5213600
MCD,20030909,1600,23.8799,23.8799,23.1808,23.2300,10260200
MCD,20030910,1600,23.1353,23.2535,22.7809,22.8400,4910600
MCD,20030911,1600,23.0839,23.4680,23.0446,23.3400,5309800
MCD,20030912,1600,23.1791,23.2382,22.9034,23.1200,4965700
MCD,20030915,1600,23.0906,23.2875,23.0709,23.1300,5007600
MCD,20030916,1600,23.2915,23.4392,23.2915,23.3900,5930800
MCD,20030917,1600,23.3408,23.5377,23.2915,23.3900,4461000
MCD,20030918,1600,23.2939,23.5991,23.2939,23.5400,6326400
MCD,20030919,1600,23.5697,23.6485,23.2842,23.5500,7493300
MCD,20030922,1600,23.4374,23.5162,23.2306,23.2700,3400400
MCD,20030923,1600,23.5005,23.6875,23.4315,23.5300,4919900
MCD,20030924,1600,23.5994,23.9932,23.5009,23.5600,9402600
MCD,20030925,1600,23.5514,23.5908,22.9409,23.0000,5729200
MCD,20030926,1600,22.6984,23.4763,22.5704,23.2400,7932800
MCD,20030929,1600,23.1435,23.3897,22.9465,23.3700,5132500
MCD,20030930,1600,23.3671,23.5443,22.9043,23.1800,4417000
MCD,20031001,1600,23.3870,23.9286,23.3575,23.8400,6430900
MCD,20031002,1600,23.9986,24.3728,23.8903,23.9100,5702600
MCD,20031003,1600,23.9097,24.3922,23.7127,23.8900,6266900
MCD,20031006,1600,23.7792,23.8482,23.6118,23.7300,4453700
MCD,20031007,1600,24.3006,24.4877,23.9658,24.3400,8097900
MCD,20031008,1600,24.5579,24.5579,23.6914,23.7800,8898200
MCD,20031009,1600,24.0763,24.2142,23.7317,23.8400,6985000
MCD,20031010,1600,24.0283,24.1268,23.5458,23.9200,5703900
MCD,20031013,1600,23.9819,24.1098,23.8637,24.1000,2887100
MCD,20031014,1600,23.9314,24.0889,23.8427,24.0200,3653100
MCD,20031015,1600,24.1112,24.1210,23.5008,23.5500,6484100
MCD,20031016,1600,23.6989,23.8171,23.4331,23.6300,4880200
MCD,20031017,1600,23.6815,23.7997,23.4551,23.7800,4468800
MCD,20031020,1600,23.7312,23.8395,23.6820,23.8100,3551300
MCD,20031021,1600,23.6558,23.7838,23.1633,23.3800,5718700
MCD,20031022,1600,23.5300,23.8450,23.2248,23.5300,8938600
MCD,20031023,1600,23.2362,23.7777,23.2362,23.6300,6996900
MCD,20031024,1600,23.4360,23.8200,23.2587,23.8200,4622800
MCD,20031027,1600,23.8012,24.1163,23.7323,23.8800,4972500
MCD,20031028,1600,24.1215,24.2200,23.6391,24.2200,6690700
MCD,20031029,1600,24.2595,24.2595,23.8854,24.2300,5867100
MCD,20031030,1600,24.2318,24.3795,24.1235,24.3500,3854000
MCD,20031031,1600,24.4132,24.6988,24.3640,24.6200,7744100
MCD,20031103,1600,24.9803,25.2659,24.8326,25.0000,7350300
MCD,20031104,1600,25.1093,25.7986,24.9124,25.7100,10074300
MCD,20031105,1600,25.7106,26.1931,25.4054,25.7500,7599700
MCD,20031106,1600,25.7474,25.7966,25.3831,25.5800,8072500
MCD,20031107,1600,26.3189,26.3682,25.5903,25.6100,13722000
MCD,20031110,1600,25.6886,25.9742,25.5015,25.6000,7040800
MCD,20031111,1600,25.6114,25.7098,25.4144,25.7000,6605600
MCD,20031112,1600,25.9500,26.4800,25.9200,26.2400,6355000
MCD,20031113,1600,26.2400,26.2900,25.9700,26.0700,5809200
MCD,20031114,1600,26.0000,26.0900,25.5100,25.6800,4395400
MCD,20031117,1600,25.6700,25.7700,24.7400,25.0000,6134600
MCD,20031118,1600,25.0500,25.2700,24.6600,24.7000,5886900
MCD,20031119,1600,24.7000,24.7200,24.4600,24.6500,3862100
MCD,20031120,1600,24.6600,24.9200,24.5600,24.6800,3979300
MCD,20031121,1600,24.9700,25.2600,24.8900,24.9700,4474200
MCD,20031124,1600,25.2000,25.7500,25.1800,25.6400,4019600
MCD,20031125,1600,25.6100,25.8900,25.4000,25.7600,3154500
MCD,20031126,1600,25.5500,25.7300,25.2500,25.3900,4763700
MCD,20031128,1600,25.2200,25.8900,25.2200,25.6300,1889900
MCD,20031201,1600,25.9500,26.4500,25.9000,26.3500,5393100
MCD,20031202,1600,26.4700,26.5200,26.3500,26.4800,5465300
MCD,20031203,1600,26.5800,26.8500,26.3500,26.4600,3832600
MCD,20031204,1600,26.4600,27.0100,26.2000,26.5600,6235500
MCD,20031205,1600,26.3100,26.4500,25.9300,25.9900,3603500
MCD,20031208,1600,26.2000,26.3600,25.4600,25.6200,6459600
MCD,20031209,1600,25.8100,25.8500,25.3700,25.4200,4643000
MCD,20031210,1600,25.3000,25.5500,25.2600,25.5500,3227000
MCD,20031211,1600,25.5400,26.0200,25.5400,25.8000,4514200
MCD,20031212,1600,25.8600,25.9600,25.5100,25.7800,3826100
MCD,20031215,1600,26.1000,26.1200,25.3800,25.4200,4367900
MCD,20031216,1600,25.3600,25.5500,24.8400,24.8800,5742200
MCD,20031217,1600,24.7500,24.9400,24.4000,24.5000,6037700
MCD,20031218,1600,24.6500,24.9500,24.5800,24.8100,4668100
MCD,20031219,1600,25.0000,25.0200,23.5900,24.3000,11544700
MCD,20031222,1600,24.1100,25.1900,24.1100,25.1600,6964200
MCD,20031223,1600,25.2000,25.3400,25.1100,25.2800,5293900
MCD,20031224,1600,23.3500,24.1300,23.1000,23.9600,23082500
MCD,20031226,1600,24.0000,24.2500,23.9200,24.0900,7277700
MCD,20031229,1600,24.5500,24.6600,24.1200,24.6000,13575900
MCD,20031230,1600,24.3800,24.8700,24.3500,24.7800,6671200
MCD,20031231,1600,24.8400,24.8900,24.6100,24.8300,4572900
MCD,20040102,1600,24.9500,25.0300,24.6600,24.7900,4576400
MCD,20040105,1600,24.9800,25.1000,24.8000,25.0300,5455000
MCD,20040106,1600,24.9800,25.4800,24.9600,25.3300,5231300
MCD,20040107,1600,25.3400,25.4500,25.1300,25.4100,6675100
MCD,20040108,1600,25.3300,25.5600,25.1700,25.5000,5282400
MCD,20040109,1600,25.2800,25.5500,25.1500,25.1500,4583000
MCD,20040112,1600,25.0300,25.1500,24.7100,25.1100,5013800
MCD,20040113,1600,25.0200,25.1200,24.5400,24.6400,5628300
MCD,20040114,1600,24.8000,25.0900,24.7700,25.0700,6205000
MCD,20040115,1600,25.1500,25.4800,24.7500,25.1500,5403900
MCD,20040116,1600,25.1000,25.3500,25.0000,25.3100,4683100
MCD,20040120,1600,25.4200,25.5000,24.9600,25.1700,4128500
MCD,20040121,1600,25.3200,25.6300,25.2200,25.5200,3649300
MCD,20040122,1600,25.3800,25.6700,25.3200,25.3900,2965200
MCD,20040123,1600,25.3400,25.5000,24.8800,25.2500,4601300
MCD,20040126,1600,25.2800,25.4500,24.9000,25.2800,4841900
MCD,20040127,1600,25.5200,25.6500,25.4000,25.4500,4911700
MCD,20040128,1600,25.5500,25.6000,24.7400,24.8600,6016800
MCD,20040129,1600,25.3000,25.5700,25.1400,25.5000,6641400
MCD,20040130,1600,25.4000,25.8500,25.3800,25.7400,4962300
MCD,20040202,1600,25.8200,26.2500,25.7200,25.9900,5774000
MCD,20040203,1600,25.8600,26.2300,25.8600,26.1500,3297600
MCD,20040204,1600,26.3500,26.5100,26.2800,26.4100,5659000
MCD,20040205,1600,26.2300,26.7500,26.2000,26.7000,5668000
MCD,20040206,1600,27.2000,27.2700,26.6700,27.1600,8223100
MCD,20040209,1600,26.9300,27.2200,26.7900,26.9100,5984900
MCD,20040210,1600,26.7800,27.0200,26.6700,26.7800,3390600
MCD,20040211,1600,26.7700,27.0500,26.7200,27.0500,8295900
MCD,20040212,1600,26.9300,27.0300,26.6500,26.6800,3811200
MCD,20040213,1600,26.6100,26.7900,26.4500,26.6300,3257200
MCD,20040217,1600,26.7900,27.0500,26.7400,27.0000,3214300
MCD,20040218,1600,27.0000,27.1400,26.9100,27.0500,4258600
MCD,20040219,1600,27.1700,27.5000,27.1400,27.2500,5072000
MCD,20040220,1600,27.2300,27.3700,26.9500,27.1600,4831600
MCD,20040223,1600,27.1400,27.9500,27.1300,27.7700,6208800
MCD,20040224,1600,27.7800,27.8800,27.5300,27.6300,4923800
MCD,20040225,1600,27.7700,28.0500,27.6100,27.9400,4734300
MCD,20040226,1600,27.7800,28.3900,27.7600,28.3000,5509700
MCD,20040227,1600,27.3100,28.7600,27.3100,28.3000,5390300
MCD,20040301,1600,28.4000,28.5800,28.3700,28.4100,4812800
MCD,20040302,1600,28.3200,28.5500,28.3200,28.4200,3740800
MCD,20040303,1600,28.3800,29.0100,28.3800,28.8900,5100200
MCD,20040304,1600,28.8500,29.1700,28.7500,28.8400,5007600
MCD,20040305,1600,28.2500,29.9800,28.2500,29.8500,11285300
MCD,20040308,1600,29.8500,29.9800,29.3000,29.3100,5445100
MCD,20040309,1600,29.3900,29.9000,28.9500,28.9800,7616900
MCD,20040310,1600,29.0300,29.6400,28.9000,28.9100,4929300
MCD,20040311,1600,28.8000,29.3600,28.5900,28.7000,5398400
MCD,20040312,1600,28.9600,29.0900,28.6500,29.0100,3233300
MCD,20040315,1600,28.8100,28.8100,28.3600,28.4500,4228900
MCD,20040316,1600,28.8300,29.0200,28.4900,28.6600,3493700
MCD,20040317,1600,28.7300,28.8400,28.5000,28.7000,4023400
MCD,20040318,1600,28.4800,28.5700,27.7800,28.0200,6672200
MCD,20040319,1600,28.0200,28.4000,27.9000,28.1000,6240600
MCD,20040322,1600,27.6500,28.7100,27.6500,28.3500,6544400
MCD,20040323,1600,28.3500,28.3600,27.5400,27.7600,4426400
MCD,20040324,1600,27.6400,28.0600,27.5700,27.7000,3455300
MCD,20040325,1600,27.8500,28.5000,27.8000,28.4500,3400200
MCD,20040326,1600,28.2000,28.3200,27.8200,27.8700,4185000
MCD,20040329,1600,28.0200,28.6200,28.0200,28.4700,5874500
MCD,20040330,1600,28.3500,28.8000,28.2800,28.6600,2617200
MCD,20040331,1600,28.7000,28.7500,28.4400,28.5700,3228000
MCD,20040401,1600,28.7500,29.0200,28.6600,28.9100,3696600
MCD,20040402,1600,28.5600,29.2500,28.5600,28.9400,3369400
MCD,20040405,1600,28.7900,29.4300,28.7700,29.3600,2826000
MCD,20040406,1600,29.1200,29.1900,28.9300,29.0100,3871400
MCD,20040407,1600,28.9100,29.3300,28.7400,28.9000,5193400
MCD,20040408,1600,29.0200,29.2000,28.4200,28.6700,3395900
MCD,20040412,1600,28.8200,29.1600,28.7800,29.0200,3120300
MCD,20040413,1600,29.0400,29.2200,28.2600,28.2700,4626600
MCD,20040414,1600,27.3100,27.8500,26.4000,27.0000,15812600
MCD,20040415,1600,26.9900,27.0500,26.5200,26.9300,6686700
MCD,20040416,1600,27.2000,27.6600,27.0400,27.4600,4317900
MCD,20040419,1600,26.4500,27.1400,26.4500,26.7500,15179300
MCD,20040420,1600,27.0500,27.2300,26.5500,26.5500,5193900
MCD,20040421,1600,26.7500,27.0000,26.5500,26.9500,5134400
MCD,20040422,1600,27.0000,27.5800,26.9500,27.4000,5902800
MCD,20040423,1600,27.3500,27.5500,27.1500,27.3400,3640400
MCD,20040426,1600,27.4600,27.5500,27.0200,27.3200,3956900
MCD,20040427,1600,27.4800,27.8000,27.0500,27.2000,3952000
MCD,20040428,1600,27.7700,27.9800,27.4200,27.6100,6286000
MCD,20040429,1600,27.7900,27.8000,27.1200,27.1800,3574200
MCD,20040430,1600,27.5600,27.6600,27.2000,27.2300,4072100
MCD,20040503,1600,27.4300,27.8800,27.2500,27.7600,3786300
MCD,20040504,1600,27.8800,27.8800,27.3300,27.6100,3017400
MCD,20040505,1600,27.4800,27.8800,27.3500,27.8100,3161100
MCD,20040506,1600,27.5200,27.6200,27.0200,27.2700,2731000
MCD,20040507,1600,26.9800,27.2900,26.6500,26.7100,3515500
MCD,20040510,1600,26.7200,27.3200,26.5100,26.6400,4418600
MCD,20040511,1600,26.5800,26.7000,26.2300,26.4500,5243700
MCD,20040512,1600,26.2700,26.8300,25.7100,26.0700,5931700
MCD,20040513,1600,26.1400,26.2500,25.8000,25.9500,2798700
MCD,20040514,1600,26.0900,26.4800,25.9000,26.1700,2746000
MCD,20040517,1600,25.7500,26.0500,25.5000,25.8700,2849700
MCD,20040518,1600,25.9300,26.0000,25.6300,25.7900,3529900
MCD,20040519,1600,26.0100,26.0300,25.6200,25.7500,3845100
MCD,20040520,1600,25.7000,25.9200,25.0500,25.3100,5335400
MCD,20040521,1600,25.3300,25.5400,25.3300,25.4500,4331500
MCD,20040524,1600,25.4000,25.5700,25.1800,25.3500,4298100
MCD,20040525,1600,25.2000,25.5700,25.1900,25.4500,5841400
MCD,20040526,1600,25.5400,25.8800,25.5000,25.7500,4708200
MCD,20040527,1600,25.9500,26.4500,25.8700,26.2700,6268000
MCD,20040528,1600,26.3600,26.5100,26.1500,26.4000,4617900
MCD,20040601,1600,26.2100,26.6400,26.1500,26.4700,3041300
MCD,20040602,1600,26.2000,26.4500,26.2000,26.4300,3638900
MCD,20040603,1600,26.4300,27.0300,26.4100,26.5200,4844100
MCD,20040604,1600,26.8600,27.2000,26.6600,26.8600,3534400
MCD,20040607,1600,26.9700,27.0000,26.5100,26.6100,5373200
MCD,20040608,1600,26.6900,26.9400,26.6200,26.8400,4501900
MCD,20040609,1600,26.8900,26.9400,26.5200,26.5800,3523100
MCD,20040610,1600,26.7400,27.0500,26.6500,27.0500,4980600
MCD,20040614,1600,26.8300,27.2100,26.8100,27.0000,4753000
MCD,20040615,1600,27.0000,27.1000,26.5600,26.6800,6445300
MCD,20040616,1600,26.7400,26.8000,26.6000,26.6410,1380500
MCD,20040617,1600,26.6100,26.8300,26.5300,26.7200,4083500
MCD,20040618,1600,26.7200,26.9300,26.5900,26.9200,4214100
MCD,20040621,1600,26.8000,26.9700,26.6800,26.8600,2389600
MCD,20040622,1600,26.7200,26.9900,26.7000,26.9000,3009300
MCD,20040623,1600,26.9000,27.1500,26.7600,27.1100,4084800
MCD,20040624,1600,27.0000,27.3800,26.9800,27.0800,3484500
MCD,20040625,1600,27.0400,27.1600,26.9900,26.9900,3837100
MCD,20040628,1600,26.8000,27.0000,26.4000,26.5800,6603000
MCD,20040629,1600,26.6000,26.6300,26.3800,26.4100,3617800
MCD,20040630,1600,26.4200,26.4400,25.8000,26.0000,7797500
MCD,20040701,1600,26.0900,26.4600,26.0900,26.3100,5094700
MCD,20040702,1600,26.3000,26.4800,26.0400,26.1200,2391600
MCD,20040706,1600,26.0000,26.1700,25.7400,26.1300,3250600
MCD,20040707,1600,26.0500,26.6100,26.0400,26.4200,3277600
MCD,20040708,1600,26.3000,26.5900,26.2800,26.5000,2683600
MCD,20040709,1600,26.4200,26.6200,26.4200,26.5100,2365000
MCD,20040712,1600,26.4200,26.8500,26.4200,26.8200,2617000
MCD,20040713,1600,26.8300,26.9800,26.5600,26.6400,2553500
MCD,20040714,1600,27.1000,27.9900,27.0200,27.7900,10356500
MCD,20040715,1600,27.8000,28.0700,27.7630,27.9100,6123600
MCD,20040716,1600,28.0000,28.0000,27.6400,27.8100,3930500
MCD,20040719,1600,27.7600,28.2000,27.7600,27.9300,3274800
MCD,20040720,1600,28.0300,28.2500,27.9600,28.1400,2517600
MCD,20040721,1600,28.2000,28.2100,27.6000,27.6600,4406600
MCD,20040722,1600,27.7000,27.8800,27.3100,27.5700,5644400
MCD,20040723,1600,27.3700,27.5900,26.9800,27.0800,2999600
MCD,20040726,1600,27.2100,27.3500,26.9800,26.9800,3152100
MCD,20040727,1600,26.9000,27.6300,26.9000,27.4900,3530900
MCD,20040728,1600,27.2500,27.4200,26.9600,27.3100,2685000
MCD,20040729,1600,27.2900,27.3900,27.0500,27.2400,2399500
MCD,20040730,1600,27.2500,27.5200,27.2000,27.5000,2589700
MCD,20040802,1600,27.3200,27.5900,27.3200,27.4600,2600500
MCD,20040803,1600,27.5000,27.5900,27.0800,27.2500,2694600
MCD,20040804,1600,27.0800,27.1700,26.5800,27.0000,2190500
MCD,20040805,1600,27.1500,27.3000,26.7900,26.8800,2744300
MCD,20040806,1600,26.5800,26.7800,26.2400,26.3400,4789800
MCD,20040809,1600,26.2800,26.6600,26.1300,26.1600,3177000
MCD,20040810,1600,26.3800,26.5400,26.1700,26.5300,512300
MCD,20040811,1600,26.6800,26.6900,26.1500,26.3500,3860400
MCD,20040812,1600,26.1800,26.3700,25.8200,25.8500,4205600
MCD,20040813,1600,25.8500,26.0500,25.6900,25.8100,2753200
MCD,20040816,1600,25.7000,25.9500,25.6400,25.7500,3758900
MCD,20040817,1600,25.8000,26.4400,25.7000,26.3700,3679000
MCD,20040818,1600,26.3700,26.7400,26.2700,26.4800,2724600
MCD,20040819,1600,26.4600,26.7400,26.4000,26.6000,1998500
MCD,20040820,1600,26.4600,27.0700,26.4600,27.0700,3070900
MCD,20040823,1600,27.0700,27.1800,26.6400,26.6400,1867300
MCD,20040824,1600,26.6000,27.0400,26.6000,26.8700,2189000
MCD,20040825,1600,26.8400,27.0000,26.5600,26.9500,2886500
MCD,20040826,1600,27.0000,27.2900,26.9500,27.1000,2330900
MCD,20040827,1600,27.0700,27.2800,26.9800,27.1700,1871900
MCD,20040830,1600,27.0500,27.3600,27.0000,27.0000,1494800
MCD,20040831,1600,27.0000,27.0900,26.6600,27.0200,2548700
MCD,20040901,1600,27.0300,27.7800,27.0100,27.1400,691600
MCD,20040902,1600,27.1800,27.5300,27.0100,27.5000,2762400
MCD,20040903,1600,27.4000,27.9000,27.4000,27.7600,2448200
MCD,20040907,1600,27.7400,27.7700,27.1000,27.3800,4508300
MCD,20040908,1600,27.8500,27.9800,27.6200,27.6500,3774900
MCD,20040909,1600,27.7500,27.9200,27.3700,27.4400,4708800
MCD,20040910,1600,27.2300,27.3000,26.9800,27.0500,4260400
MCD,20040913,1600,26.8900,27.1700,26.8900,27.1700,4160700
MCD,20040914,1600,27.2000,27.7100,27.0400,27.6000,4497800
MCD,20040915,1600,27.6000,27.6700,27.4200,27.6300,1005000
MCD,20040916,1600,27.4500,27.7400,27.4500,27.5900,2338700
MCD,20040917,1600,27.7500,27.7800,27.5600,27.6700,3043100
MCD,20040920,1600,27.6300,27.9800,27.4200,27.4700,3946500
MCD,20040921,1600,27.5000,27.8400,27.4300,27.7700,3037100
MCD,20040922,1600,27.5600,27.5700,26.9500,27.0100,6074200
MCD,20040923,1600,27.1000,27.4800,27.0700,27.1400,3892000
MCD,20040924,1600,27.2200,27.7300,27.2200,27.6000,3740900
MCD,20040927,1600,27.4500,28.0600,27.4200,27.9400,5192300
MCD,20040928,1600,27.7800,28.0300,27.7300,27.9600,3559600
MCD,20040929,1600,27.7500,27.9600,27.6500,27.8900,3305900
MCD,20040930,1600,27.7900,28.1300,27.7100,28.0300,4190300
MCD,20041001,1600,28.0000,28.2500,27.9200,28.1400,4233500
MCD,20041004,1600,28.1400,28.2600,27.9000,28.0000,4825200
MCD,20041005,1600,27.9600,27.9900,27.7700,27.9400,2527400
MCD,20041006,1600,27.9000,27.9100,27.4600,27.8400,5981900
MCD,20041007,1600,28.1600,28.4500,27.8800,27.9300,5878800
MCD,20041008,1600,27.9400,28.1800,27.9000,27.9400,3624500
MCD,20041011,1600,27.9300,28.0300,27.5900,27.6800,3028100
MCD,20041012,1600,27.4800,27.6800,27.3100,27.5500,3913700
MCD,20041013,1600,28.3000,28.8800,28.0500,28.8600,12155000
MCD,20041014,1600,28.6500,29.1900,28.6500,29.0800,6351500
MCD,20041015,1600,29.2400,29.4900,28.9600,28.9900,5329600
MCD,20041018,1600,28.8300,29.4800,28.8000,29.2000,5443300
MCD,20041019,1600,29.2100,29.4900,28.8100,29.1700,2896700
MCD,20041020,1600,28.7400,28.7500,28.3500,28.6900,3099100
MCD,20041021,1600,28.8000,28.9900,28.2700,28.5200,4042300
MCD,20041022,1600,28.4700,28.7500,28.4200,28.5200,4013100
MCD,20041025,1600,28.3400,28.5500,28.1000,28.3800,3644100
MCD,20041026,1600,28.4000,28.8800,28.2000,28.8700,3774300
MCD,20041027,1600,28.6700,29.2000,28.6100,29.1900,3697500
MCD,20041028,1600,28.9600,29.1000,28.8600,29.0700,1985400
MCD,20041029,1600,28.8300,29.1500,28.6800,29.1500,4149800
MCD,20041101,1600,29.0500,29.6000,29.0000,29.5800,4408400
MCD,20041102,1600,29.5000,29.7300,29.0500,29.1900,4254600
MCD,20041103,1600,29.1700,29.4400,28.7700,29.3100,5923800
MCD,20041104,1600,29.3200,29.6900,29.3000,29.6300,7919900
MCD,20041105,1600,29.7400,30.2500,29.6500,30.0600,7508500
MCD,20041108,1600,30.4000,30.9990,30.0400,30.2000,8723100
MCD,20041109,1600,30.0800,30.2700,29.9300,30.2100,2787600
MCD,20041110,1600,29.3612,29.6650,29.2142,29.4200,5405800
MCD,20041111,1600,29.4936,29.8072,29.3271,29.6700,3516400
MCD,20041112,1600,29.7724,29.8900,29.4980,29.8900,3482400
MCD,20041115,1600,29.7218,29.9276,29.6336,29.8100,3491700
MCD,20041116,1600,29.8527,29.8527,29.5000,29.5000,2481300
MCD,20041117,1600,29.7116,29.9174,29.5058,29.7900,4070800
MCD,20041118,1600,29.6440,29.9576,29.0560,29.3500,9666800
MCD,20041119,1600,29.0530,29.1509,28.4160,28.7100,7922100
MCD,20041122,1600,28.8488,28.9762,28.4372,28.7900,4913500
MCD,20041123,1600,28.6768,29.5096,28.6670,29.4900,5600000
MCD,20041124,1600,29.5940,30.2114,29.5940,29.7900,4087500
MCD,20041126,1600,29.7248,30.1168,29.7052,29.9600,1337000
MCD,20041129,1600,30.0908,30.2280,29.4049,30.1300,5229600
MCD,20041130,1600,29.9828,30.2180,29.8848,30.1200,5981400
MCD,20041201,1600,30.2763,30.7270,30.2371,30.5800,6529500
MCD,20041202,1600,30.6920,30.9468,30.5156,30.7900,4122300
MCD,20041203,1600,30.7872,30.7872,30.4932,30.6500,3283700
MCD,20041206,1600,30.5874,30.5874,30.3424,30.4600,3172900
MCD,20041207,1600,30.4528,30.7370,30.2863,30.5900,5115200
MCD,20041208,1600,30.5956,31.1150,30.5858,30.8700,5384600
MCD,20041209,1600,30.5717,31.2086,30.5129,31.1400,7721600
MCD,20041210,1600,31.2353,31.2353,30.7651,31.0100,4021200
MCD,20041213,1600,31.2028,31.3400,31.0950,31.3400,4061800
MCD,20041214,1600,31.3386,31.3876,31.1818,31.2700,5223800
MCD,20041215,1600,31.2118,31.8488,31.2020,31.7900,6104600
MCD,20041216,1600,31.7844,32.0882,31.6571,32.0000,5668600
MCD,20041217,1600,32.0174,32.2820,31.7920,31.8900,7106700
MCD,20041220,1600,31.8968,32.1320,31.5440,31.7400,4484700
MCD,20041221,1600,31.9104,32.0770,31.7438,31.9300,4235000
MCD,20041222,1600,32.0170,32.3012,31.6544,31.8700,4385200
MCD,20041223,1600,31.8956,32.0818,31.4742,31.6800,2824000
MCD,20041227,1600,31.7449,31.8625,31.4706,31.5000,2417700
MCD,20041228,1600,31.6336,31.8590,31.5748,31.8100,3283700
MCD,20041229,1600,31.8212,31.9388,31.5762,31.8800,3127200
MCD,20041230,1600,31.8476,32.0338,31.6908,31.7300,2828000
MCD,20041231,1600,31.7532,31.8022,31.4102,31.4200,2933300
MCD,20050103,1600,30.9644,31.5818,30.9056,31.1800,4906300
MCD,20050104,1600,31.1068,31.6654,31.1068,31.4400,5435100
MCD,20050105,1600,31.4350,31.6212,31.1900,31.1900,4008100
MCD,20050106,1600,31.2048,31.5674,31.1656,31.4400,3671000
MCD,20050107,1600,31.3868,31.5338,31.0928,31.2300,3902200
MCD,20050110,1600,31.0300,31.2162,30.8830,31.0300,3455100
MCD,20050111,1600,30.7933,31.0285,30.4210,30.4700,5045300
MCD,20050112,1600,30.5924,30.7198,30.3376,30.7100,4194300
MCD,20050113,1600,30.6130,30.6816,30.2210,30.2700,3731800
MCD,20050114,1600,30.2195,30.7290,30.1901,30.6800,3919700
MCD,20050118,1600,30.5681,31.0482,30.4505,30.9600,3642900
MCD,20050119,1600,31.0584,31.3523,30.9212,30.9800,4444300
MCD,20050120,1600,30.9376,31.1336,30.5064,30.8200,4047900
MCD,20050121,1600,30.8160,30.9629,30.5024,30.6200,4085500
MCD,20050124,1600,30.9432,31.2470,30.7963,31.1000,5401900
MCD,20050125,1600,31.3490,31.4470,31.2608,31.3000,4957200
MCD,20050126,1600,31.2912,31.6048,31.2324,31.3500,4675000
MCD,20050127,1600,31.3524,31.7345,31.2936,31.4700,6036000
MCD,20050128,1600,31.2130,31.5952,30.5760,31.3600,7837700
MCD,20050131,1600,31.4558,31.8478,31.4558,31.7400,5815000
MCD,20050201,1600,31.4086,31.5458,31.2714,31.3400,5949100
MCD,20050202,1600,31.2378,31.3750,30.9242,31.1300,6577700
MCD,20050203,1600,30.9692,31.4592,30.7732,31.4200,3694200
MCD,20050204,1600,31.1850,31.9494,31.1654,31.9200,5137300
MCD,20050207,1600,31.7281,32.1886,31.7281,32.1200,5516100
MCD,20050208,1600,32.0640,32.1914,31.7308,31.7700,5179300
MCD,20050209,1600,31.7514,31.8298,31.3202,31.3300,4515400
MCD,20050210,1600,31.4500,31.5578,31.2149,31.4500,3584700
MCD,20050211,1600,31.2571,31.8352,31.1493,31.6000,5341200
MCD,20050214,1600,31.5973,32.0382,31.5581,31.9500,3492800
MCD,20050215,1600,31.9413,32.5096,31.9413,32.4900,5985100
MCD,20050216,1600,32.2339,32.3123,31.7636,31.9400,4746300
MCD,20050217,1600,31.8360,31.8458,31.5616,31.6400,3469500
MCD,20050218,1600,31.5036,31.8466,31.4252,31.6800,3830000
MCD,20050222,1600,31.6628,31.8000,31.3100,31.3100,3677400
MCD,20050223,1600,31.4078,31.8390,31.3784,31.7900,4308500
MCD,20050224,1600,31.7842,32.0488,31.5981,31.9900,2794400
MCD,20050225,1600,31.8006,32.3200,31.6732,32.3200,3328000
MCD,20050228,1600,32.3220,32.5866,32.1946,32.4200,4742800
MCD,20050301,1600,32.3562,32.7482,32.3562,32.6600,3378000
MCD,20050302,1600,32.3748,33.1391,32.3748,32.6100,4198400
MCD,20050303,1600,32.6126,32.9262,32.3382,32.7400,3323400
MCD,20050304,1600,32.9272,33.5446,32.8292,33.2800,4868200
MCD,20050307,1600,33.6082,33.8629,33.4808,33.5200,3978100
MCD,20050308,1600,33.3196,33.3196,32.2612,32.8100,8239500
MCD,20050309,1600,31.9976,32.3308,31.6840,31.8800,9408500
MCD,20050310,1600,31.9822,32.1292,31.8548,32.0900,5558500
MCD,20050311,1600,32.0868,32.2533,31.8516,31.9300,3468000
MCD,20050314,1600,31.8884,32.3392,31.8884,32.3000,4486700
MCD,20050315,1600,32.3484,32.4072,31.6428,31.7800,3970100
MCD,20050316,1600,31.6504,31.8268,31.4054,31.6700,3382300
MCD,20050317,1600,31.6499,31.6695,31.0424,31.1600,5287800
MCD,20050318,1600,31.1914,31.3090,30.6720,31.2600,8967600
MCD,20050321,1600,31.1086,31.2262,30.8832,31.0400,3022700
MCD,20050322,1600,31.0454,31.2708,30.8004,30.8200,4669700
MCD,20050323,1600,30.9180,31.1434,30.7514,30.8200,5302400
MCD,20050324,1600,30.9304,31.1558,30.8226,30.9500,3292600
MCD,20050328,1600,30.7824,31.1254,30.7726,30.9000,3355000
MCD,20050329,1600,30.7136,30.7920,30.3412,30.4000,5404500
MCD,20050330,1600,30.3535,31.0394,30.3535,31.0100,4418700
MCD,20050331,1600,30.9607,30.9607,30.4610,30.5100,5400600
MCD,20050401,1600,30.5760,30.8896,30.2624,30.3800,4399000
MCD,20050404,1600,30.4484,30.5170,30.0368,30.3700,5859300
MCD,20050405,1600,30.2469,30.6584,30.1881,30.5800,3643200
MCD,20050406,1600,30.5072,31.0658,30.3798,30.8600,4360500
MCD,20050407,1600,30.7616,30.9576,30.5264,30.8400,3916100
MCD,20050408,1600,30.8431,31.1371,30.4806,30.5100,3420500
MCD,20050411,1600,30.3564,30.4152,29.9056,30.1800,4897000
MCD,20050412,1600,29.9860,30.4270,29.7018,30.2800,5528000
MCD,20050413,1600,30.7860,31.2661,30.5704,30.5900,9357800
MCD,20050414,1600,30.6985,30.7083,30.1204,30.1400,4586400
MCD,20050415,1600,30.0036,30.0721,29.5430,29.6900,6510900
MCD,20050418,1600,29.5390,29.6076,28.7748,29.4900,8465100
MCD,20050419,1600,29.4916,29.6386,29.2761,29.5700,5122100
MCD,20050420,1600,29.4870,29.6732,29.1048,29.3400,5267800
MCD,20050421,1600,29.6616,29.8869,28.9168,29.2500,6525200
MCD,20050422,1600,29.8912,30.0382,29.1562,29.4600,8272000
MCD,20050425,1600,29.3564,29.8562,29.1017,29.6700,5169900
MCD,20050426,1600,29.5470,29.6646,29.3314,29.4000,4676400
MCD,20050427,1600,29.2561,29.7851,29.1875,29.5500,4795900
MCD,20050428,1600,29.2451,29.5391,29.0100,29.0100,5318400
MCD,20050429,1600,29.0140,29.1903,28.5240,28.7200,7557600
MCD,20050502,1600,28.5390,29.0094,28.5390,28.9800,5036000
MCD,20050503,1600,29.1216,29.3960,29.0040,29.2000,6839500
MCD,20050504,1600,29.1869,29.6474,29.1281,29.5200,4829400
MCD,20050505,1600,29.5850,29.6732,29.1636,29.3400,4703100
MCD,20050506,1600,29.3584,29.4465,28.7802,28.7900,6281100
MCD,20050509,1600,29.0985,29.5394,29.0005,29.5100,6065900
MCD,20050510,1600,29.3430,29.7055,29.1961,29.4900,4499200
MCD,20050511,1600,29.4068,29.5440,29.1030,29.2500,5780300
MCD,20050512,1600,29.3858,29.4838,29.1702,29.1800,4864400
MCD,20050513,1600,29.0402,29.2264,28.9030,29.0500,4465000
MCD,20050516,1600,29.1036,29.3976,29.0056,29.2800,3861600
MCD,20050517,1600,29.2916,29.4582,29.0564,29.3700,3429800
MCD,20050518,1600,29.5486,30.0484,29.4800,29.9700,5199100
MCD,20050519,1600,30.2030,30.4088,30.0364,30.3500,5007900
MCD,20050520,1600,30.2808,30.5160,30.1142,30.3200,4019500
MCD,20050523,1600,30.2295,30.8664,30.2295,30.6900,4464600
MCD,20050524,1600,30.5636,30.6616,30.0442,30.2500,5179200
MCD,20050525,1600,30.2504,30.3778,30.1524,30.2700,3762400
MCD,20050526,1600,30.3796,30.8598,30.3404,30.8500,5047200
MCD,20050527,1600,30.7672,30.7672,30.5418,30.6300,2932100
MCD,20050531,1600,30.5356,30.5356,30.3102,30.3200,5551600
MCD,20050601,1600,30.2236,30.5274,30.0766,30.4000,4223500
MCD,20050602,1600,30.2647,30.5782,30.1765,30.4900,3165300
MCD,20050603,1600,30.4194,30.4586,29.8608,29.9000,3814500
MCD,20050606,1600,29.8000,29.8392,29.5942,29.8000,4064100
MCD,20050607,1600,29.7444,29.8816,28.7350,28.9800,11748800
MCD,20050608,1600,28.9731,29.0613,28.5910,28.6400,11257000
MCD,20050609,1600,28.6450,28.6842,28.1746,28.4000,8293800
MCD,20050610,1600,28.5186,28.9498,28.4010,28.9400,7988200
MCD,20050613,1600,28.5004,28.8531,28.3241,28.5200,8162400
MCD,20050614,1600,28.5630,28.9648,28.5630,28.7100,4898000
MCD,20050615,1600,28.7130,28.7914,28.2230,28.3700,6803600
MCD,20050616,1600,28.4224,28.5988,28.3441,28.5400,4905600
MCD,20050617,1600,28.8120,28.8120,28.4004,28.4200,7370600
MCD,20050620,1600,28.2742,28.5780,28.2252,28.4800,3777600
MCD,20050621,1600,28.3816,28.5972,28.2640,28.4600,5860600
MCD,20050622,1600,28.6752,28.7046,28.3812,28.4400,4283800
MCD,20050623,1600,28.3724,28.5194,27.9902,28.0000,6860300
MCD,20050624,1600,27.9942,28.1019,27.6512,27.7100,7044000
MCD,20050627,1600,27.6292,27.8839,27.5606,27.5900,3512800
MCD,20050628,1600,27.5916,27.9052,27.5524,27.6700,5123800
MCD,20050629,1600,27.7322,27.8694,27.3206,27.3500,6386100
MCD,20050630,1600,27.4839,27.6309,27.1802,27.1900,8062100
MCD,20050701,1600,27.2526,27.5662,27.1644,27.3800,4486700
MCD,20050705,1600,27.2630,27.5276,27.1552,27.4100,4017200
MCD,20050706,1600,27.4045,27.4241,27.0518,27.1400,4709800
MCD,20050707,1600,26.9892,27.4988,26.8128,27.4400,6099500
MCD,20050708,1600,27.4332,28.2855,27.2176,28.0700,9319200
MCD,20050711,1600,28.3018,28.4782,28.1744,28.3900,5937800
MCD,20050712,1600,28.6288,28.6582,28.4132,28.5700,5273900
MCD,20050713,1600,28.5884,29.0294,28.5786,29.0000,6471900
MCD,20050714,1600,29.0098,29.3331,28.9412,29.0000,9087000
MCD,20050715,1600,29.3214,30.4484,29.0078,30.3700,14489100
MCD,20050718,1600,30.2016,30.3486,29.9762,30.2800,5227500
MCD,20050719,1600,30.2692,30.3378,30.1222,30.2300,4759700
MCD,20050720,1600,30.0644,30.3682,29.9762,30.2800,4812400
MCD,20050721,1600,29.8856,30.6205,29.6603,30.1600,5540800
MCD,20050722,1600,29.9378,30.3494,29.8986,30.3200,5200800
MCD,20050725,1600,30.0196,30.1764,29.8726,30.0000,4333900
MCD,20050726,1600,30.0146,30.1518,29.6912,29.7500,5244400
MCD,20050727,1600,29.7446,29.8230,29.3722,29.4800,6752800
MCD,20050728,1600,29.4936,29.8268,29.4936,29.6700,4683900
MCD,20050729,1600,29.8835,30.5498,29.8835,30.5400,7402200
MCD,20050801,1600,29.6388,30.6970,29.6388,30.5500,5361800
MCD,20050802,1600,30.6932,30.9480,30.5952,30.8500,5378200
MCD,20050803,1600,30.6763,31.0976,30.5685,30.9800,6199500
MCD,20050804,1600,30.9129,31.0109,30.4622,30.5700,4514900
MCD,20050805,1600,30.4740,30.8660,30.4740,30.6700,5058400
MCD,20050808,1600,31.1177,31.7251,31.1079,31.4900,10226400
MCD,20050809,1600,31.6430,31.7998,31.3980,31.7900,5902700
MCD,20050810,1600,31.8048,32.3046,31.5991,32.0400,8547300
MCD,20050811,1600,32.2851,33.9998,32.1871,33.9900,17421600
MCD,20050812,1600,33.0601,33.2757,32.4036,32.5800,12759300
MCD,20050815,1600,31.9696,32.9592,31.9598,32.9200,6665400
MCD,20050816,1600,32.8233,33.0389,32.3726,32.5000,7406200
MCD,20050817,1600,32.3571,33.4938,32.3179,33.1900,11185600
MCD,20050818,1600,32.9258,32.9650,32.3868,32.7200,6848900
MCD,20050819,1600,32.5924,32.8766,32.5532,32.7100,5510600
MCD,20050822,1600,32.6984,32.7768,32.3848,32.6200,4519900
MCD,20050823,1600,32.5270,32.5662,32.1938,32.3800,5803400
MCD,20050824,1600,32.3396,32.5944,32.1044,32.3200,7465400
MCD,20050825,1600,32.2380,32.8162,32.2380,32.6300,9425800
MCD,20050826,1600,32.4278,32.9276,32.3200,32.8100,7884300
MCD,20050829,1600,32.4804,32.7743,32.1081,32.5000,6764400
MCD,20050830,1600,32.4360,32.4360,31.5638,31.7500,8607700
MCD,20050831,1600,31.9078,32.0940,31.3884,31.8000,6655300
MCD,20050901,1600,31.6550,31.7236,30.9004,30.9200,8614600
MCD,20050902,1600,31.1816,31.3678,31.0836,31.2600,5643600
MCD,20050906,1600,31.8726,32.2547,31.7355,32.0000,6878500
MCD,20050907,1600,32.3831,33.1866,32.3439,33.0200,12166600
MCD,20050908,1600,32.7980,32.9842,32.5138,32.7000,6233500
MCD,20050909,1600,32.7054,33.7243,32.6172,33.4500,12547900
MCD,20050912,1600,33.2278,33.4826,33.0318,33.1200,6572300
MCD,20050913,1600,33.0673,33.1946,32.4500,32.4500,6922500
MCD,20050914,1600,32.6311,32.6409,31.6610,31.7100,7436000
MCD,20050915,1600,31.7118,32.8290,31.7118,32.7800,9369100
MCD,20050916,1600,33.0503,34.3241,32.8739,33.5500,25124600
MCD,20050919,1600,33.0946,33.3494,32.8006,32.8300,7524400
MCD,20050920,1600,32.8222,33.1749,31.8424,31.9600,7783700
MCD,20050921,1600,31.8385,31.9659,30.6822,30.7900,13572300
MCD,20050922,1600,30.7838,32.4788,30.6956,32.4200,12830500
MCD,20050923,1600,32.3327,32.9108,31.8918,31.9800,8232500
MCD,20050926,1600,32.2862,33.0799,32.2862,32.5900,8828200
MCD,20050927,1600,32.5362,32.6342,32.3206,32.3500,9808500
MCD,20050928,1600,32.7729,33.2628,32.4300,32.4300,6425800
MCD,20050929,1600,32.3984,32.8982,32.3396,32.8100,5636000
MCD,20050930,1600,32.8200,32.9768,32.4574,32.8200,7138400
MCD,20051003,1600,32.7294,33.3076,32.7294,33.1900,5742600
MCD,20051004,1600,32.7786,32.8766,32.1612,32.2200,9187500
MCD,20051005,1600,32.0920,32.4742,31.9646,32.1900,7328600
MCD,20051006,1600,32.1974,32.5109,31.8446,32.0700,8038000
MCD,20051007,1600,32.0991,32.1089,31.4426,31.5700,5966800
MCD,20051010,1600,31.8174,31.8174,31.5332,31.6900,5460200
MCD,20051011,1600,32.3857,32.7189,31.6704,31.6900,7477900
MCD,20051012,1600,31.5983,31.8432,30.9810,31.0300,6891500
MCD,20051013,1600,31.7236,32.0568,31.1356,31.4100,10285200
MCD,20051014,1600,31.5034,31.7092,31.3662,31.6700,6701900
MCD,20051017,1600,31.6677,32.0498,31.6677,32.0400,4939800
MCD,20051018,1600,32.1434,32.2120,31.6534,31.8200,4710200
MCD,20051019,1600,32.0400,33.3333,31.8048,33.0100,8869200
MCD,20051020,1600,32.7789,32.7887,31.3678,31.7500,10984400
MCD,20051021,1600,31.1832,32.2318,31.1832,31.8300,11964400
MCD,20051024,1600,31.9895,32.4696,31.7152,32.4500,6886400
MCD,20051025,1600,32.3890,32.7418,31.9970,32.3400,6204400
MCD,20051026,1600,32.3361,32.3753,31.6600,31.6600,4660600
MCD,20051027,1600,31.6550,31.7334,30.8514,30.9200,6098100
MCD,20051028,1600,31.1991,31.6400,30.9149,31.6400,6599100
MCD,20051031,1600,31.6360,32.1161,30.9110,30.9600,18254300
MCD,20051101,1600,32.0707,32.0707,30.9732,31.1300,17401100
MCD,20051102,1600,31.5512,31.8060,31.2866,31.6100,7612400
MCD,20051103,1600,31.7957,32.6482,31.6977,32.5600,10297500
MCD,20051104,1600,32.6130,32.8090,32.3680,32.7600,6116900
MCD,20051107,1600,32.5791,33.1278,32.4223,33.0200,12334000
MCD,20051108,1600,33.0260,33.3690,32.6634,33.3200,9653000
MCD,20051109,1600,33.3165,33.4929,32.6110,32.6600,6877100
MCD,20051110,1600,32.9500,33.2800,32.7100,33.2300,6847600
MCD,20051111,1600,33.3500,33.8900,33.0300,33.8000,6682400
MCD,20051114,1600,33.8000,34.2500,33.7500,33.9300,7199800
MCD,20051115,1600,33.8200,34.0500,33.1600,33.3100,8585100
MCD,20051116,1600,33.3600,33.6000,32.7300,32.8000,6758100
MCD,20051117,1600,33.0800,33.3600,32.8800,33.1900,5802400
MCD,20051118,1600,33.5500,33.5500,32.9400,33.0900,7016200
MCD,20051121,1600,33.0200,33.1700,32.8200,33.0700,4801300
MCD,20051122,1600,33.0200,33.0800,32.8000,32.9900,4723500
MCD,20051123,1600,33.0400,33.8800,33.0100,33.7100,6450800
MCD,20051125,1600,33.7700,33.7800,33.4600,33.4600,2311200
MCD,20051128,1600,33.6300,34.1000,33.5200,33.9500,6393500
MCD,20051129,1600,34.2400,34.5800,33.8800,33.9300,6594800
MCD,20051130,1600,34.1400,34.7600,33.8400,33.8500,8158600
MCD,20051201,1600,34.2300,35.3800,34.0600,35.3300,13905500
MCD,20051202,1600,35.0500,35.2500,34.7500,34.9100,8186900
MCD,20051205,1600,34.7400,34.9100,34.4000,34.5700,6958700
MCD,20051206,1600,34.8300,35.2600,34.7800,35.1600,8155500
MCD,20051207,1600,35.0000,35.2700,34.8100,35.2600,6290600
MCD,20051208,1600,35.1200,35.3600,34.7000,34.8200,5474500
MCD,20051209,1600,35.1000,35.2200,34.1000,34.8400,4617000
MCD,20051212,1600,34.8400,34.8400,34.3400,34.4700,3962900
MCD,20051213,1600,34.3500,35.5400,34.3500,35.2700,5928000
MCD,20051214,1600,35.1700,35.6500,35.1100,35.5000,4990100
MCD,20051215,1600,35.5000,35.6900,34.8500,34.9800,5615400
MCD,20051216,1600,34.9900,35.1200,34.6900,34.7500,7956600
MCD,20051219,1600,34.6600,34.9300,34.0700,34.1000,3801800
MCD,20051220,1600,34.0000,34.3500,33.8000,34.1500,4172500
MCD,20051221,1600,34.2000,34.7500,34.2000,34.4400,4031000
MCD,20051222,1600,34.5000,34.6800,34.1100,34.5800,3326600
MCD,20051223,1600,34.7000,34.7000,34.3300,34.5500,1930300
MCD,20051227,1600,34.5700,34.7200,34.0100,34.1000,3039700
MCD,20051228,1600,34.1000,34.3900,34.0300,34.1900,2212000
MCD,20051229,1600,34.0500,34.2900,34.0100,34.1400,2530600
MCD,20051230,1600,34.1000,34.2900,33.5800,33.7200,4219600
MCD,20060103,1600,34.2900,34.2900,33.2000,33.5200,9250100
MCD,20060104,1600,33.4300,33.8500,33.4200,33.8200,5990200
MCD,20060105,1600,33.8200,34.2000,33.7300,33.8600,6245200
MCD,20060106,1600,34.2300,34.3000,33.8100,34.0600,5877100
MCD,20060109,1600,34.0000,34.7400,33.9900,34.7100,4659900
MCD,20060110,1600,34.6100,34.8500,34.5400,34.7400,7021800
MCD,20060111,1600,34.8200,35.3600,34.8000,35.3400,8209000
MCD,20060112,1600,35.2500,35.3200,34.7400,34.7900,11593600
MCD,20060113,1600,34.6500,34.7400,34.3500,34.4700,4807700
MCD,20060117,1600,34.7200,35.1600,34.5200,34.5900,5499100
MCD,20060118,1600,34.5800,35.4400,34.4100,34.9900,10550100
MCD,20060119,1600,35.3000,35.3700,35.0000,35.2000,9093800
MCD,20060120,1600,35.2000,35.9100,35.0900,35.8600,11436800
MCD,20060123,1600,35.8600,36.0900,35.2700,35.7100,6944500
MCD,20060124,1600,35.9400,36.3100,35.6700,35.8500,9685600
MCD,20060125,1600,36.0000,36.1400,34.5500,35.1600,21016500
MCD,20060126,1600,35.5000,35.7000,34.7500,34.9400,12358000
