Ticker,Date,Time,Open,High,Low,Close,Vol
MMM,20030303,1600,61.1496,61.7084,60.6200,60.6200,1575200
MMM,20030304,1600,60.6688,60.7709,59.8670,60.1100,2143100
MMM,20030305,1600,60.1826,60.7997,59.8522,60.7900,2345700
MMM,20030306,1600,60.6657,60.8066,59.7813,60.0000,2342500
MMM,20030307,1600,59.7711,60.6749,59.4455,60.5000,2837300
MMM,20030310,1600,60.0630,60.2768,59.0328,59.1300,2219500
MMM,20030311,1600,59.1256,59.6844,58.7757,58.8000,2494700
MMM,20030312,1600,58.8791,59.1561,58.0482,59.0200,2933100
MMM,20030313,1600,59.7692,60.9889,59.5311,60.9500,3415900
MMM,20030314,1600,61.0829,61.5543,60.6067,61.0100,2919200
MMM,20030317,1600,60.8794,62.9929,60.5052,62.9200,3897600
MMM,20030318,1600,62.4163,63.1500,62.3143,63.1500,3078200
MMM,20030319,1600,63.1566,63.1566,62.1848,63.0400,2942600
MMM,20030320,1600,63.0324,63.7612,62.0801,63.4600,3583400
MMM,20030321,1600,63.8712,65.5718,63.4630,65.2900,4617300
MMM,20030324,1600,64.1886,64.4413,63.3091,63.4500,3504000
MMM,20030325,1600,63.4542,64.8197,63.3133,64.2900,3231200
MMM,20030326,1600,64.2918,64.3210,63.5387,64.0100,2413600
MMM,20030327,1600,63.4307,64.4364,63.1051,63.9700,2209300
MMM,20030328,1600,63.9788,64.1052,63.1965,63.4200,1953900
MMM,20030331,1600,62.1548,63.6465,62.1548,63.1800,2749400
MMM,20030401,1600,63.1913,63.9687,62.9774,63.5800,2974900
MMM,20030402,1600,64.2891,65.3582,64.2600,64.9500,2751100
MMM,20030403,1600,64.9525,65.5599,64.6950,65.0400,2340500
MMM,20030404,1600,65.0417,65.3915,64.4197,65.1000,2654600
MMM,20030407,1600,65.5713,66.4459,64.2642,64.4100,3828600
MMM,20030408,1600,64.4178,65.0641,64.2477,64.8600,2430100
MMM,20030409,1600,64.8586,65.4660,63.9208,63.9500,2318300
MMM,20030410,1600,63.9515,64.7630,63.9077,64.5200,1767400
MMM,20030411,1600,64.5217,65.3477,64.2885,64.5800,2245200
MMM,20030414,1600,64.5845,64.9781,64.0986,64.7400,2109800
MMM,20030415,1600,64.6290,64.9935,64.0070,64.9400,2510900
MMM,20030416,1600,64.9345,64.9345,62.2621,62.6800,5262300
MMM,20030417,1600,62.6887,63.3884,62.1930,63.1600,3658100
MMM,20030421,1600,63.1872,63.7460,62.8130,63.0900,3036700
MMM,20030422,1600,62.3648,63.0792,62.0101,63.0500,3616200
MMM,20030423,1600,62.9746,63.0087,61.9639,62.1000,2982200
MMM,20030424,1600,62.1007,62.1007,60.9880,61.0900,3759700
MMM,20030425,1600,60.8279,61.0952,59.5694,59.7200,3621700
MMM,20030428,1600,59.8268,61.7315,59.5887,61.6100,3465000
MMM,20030429,1600,61.6174,62.0110,61.2481,61.7000,2220900
MMM,20030430,1600,61.6919,61.6919,60.8805,61.2400,3213700
MMM,20030501,1600,61.2439,61.2439,60.3450,60.6900,2270500
MMM,20030502,1600,60.2553,61.4020,60.2455,61.3000,2033600
MMM,20030505,1600,61.3012,61.4955,60.3244,60.6500,1929300
MMM,20030506,1600,60.6470,60.6470,59.2087,59.6800,3834000
MMM,20030507,1600,59.6814,59.6814,58.8165,59.0400,3297400
MMM,20030508,1600,59.0519,60.3008,58.5611,59.8100,3302200
MMM,20030509,1600,59.8886,60.1219,59.5145,59.6700,2764000
MMM,20030512,1600,59.6780,60.6887,59.0949,60.4700,2275400
MMM,20030513,1600,60.0337,60.4953,59.7082,59.9900,1871100
MMM,20030514,1600,60.2481,60.2919,59.4076,59.8400,1943300
MMM,20030515,1600,59.8721,61.2083,59.8721,61.1500,2665700
MMM,20030516,1600,61.1592,61.3730,60.7899,60.9600,2550400
MMM,20030519,1600,60.8328,60.9591,60.2060,60.2400,1819600
MMM,20030520,1600,60.6689,60.7223,59.9983,60.6300,2253600
MMM,20030521,1600,60.9574,61.1146,60.1618,60.5400,2060800
MMM,20030522,1600,60.6463,61.5155,60.6218,61.2700,2331200
MMM,20030523,1600,61.3965,61.3965,60.5911,60.6500,1301200
MMM,20030527,1600,60.6531,62.0675,60.2307,61.9300,1965200
MMM,20030528,1600,62.2396,62.2396,61.1641,61.3900,2102800
MMM,20030529,1600,61.5127,61.8712,60.4274,60.5600,2225100
MMM,20030530,1600,60.8970,62.1296,60.8528,62.1100,2688000
MMM,20030602,1600,62.4950,62.7062,61.3212,61.3900,2153600
MMM,20030603,1600,61.4396,62.0486,61.3856,61.9700,1526500
MMM,20030604,1600,61.8789,62.6647,61.5891,62.3700,1945200
MMM,20030605,1600,61.7837,62.2256,61.1403,61.7100,1998800
MMM,20030606,1600,62.4975,63.1114,62.0800,62.0800,2786500
MMM,20030609,1600,62.0782,62.5939,61.4153,61.9800,1483200
MMM,20030610,1600,62.3434,62.3680,61.4103,61.9800,1492900
MMM,20030611,1600,61.8922,62.8400,61.8775,62.8400,1458900
MMM,20030612,1600,63.1088,63.3052,62.1265,63.0400,1716600
MMM,20030613,1600,63.1038,63.1676,62.6225,62.7600,1973900
MMM,20030616,1600,63.0683,64.0800,63.0339,64.0800,2080900
MMM,20030617,1600,64.0764,64.0764,63.3545,63.8800,1979800
MMM,20030618,1600,64.0812,64.8031,63.6146,64.7000,3053700
MMM,20030619,1600,64.7070,65.7629,64.2601,64.5400,3218300
MMM,20030620,1600,64.8537,64.9667,63.9451,64.2300,3456000
MMM,20030623,1600,64.2242,64.2242,63.3746,63.6300,1833100
MMM,20030624,1600,63.6281,64.1094,63.5938,63.8000,1510100
MMM,20030625,1600,63.8094,64.4527,63.3576,63.5000,1906500
MMM,20030626,1600,63.3761,64.1030,63.3123,63.9900,1431300
MMM,20030627,1600,63.9654,64.0145,62.9930,63.1600,1378200
MMM,20030630,1600,63.2271,63.5954,62.7605,63.3400,1804800
MMM,20030701,1600,63.3391,63.3391,62.3815,63.2900,1718100
MMM,20030702,1600,63.2989,63.7949,63.1958,63.7900,1181300
MMM,20030703,1600,63.3545,63.6099,62.8634,63.0500,1033800
MMM,20030707,1600,63.5317,64.3272,63.4973,63.9000,2558900
MMM,20030708,1600,63.7844,63.9710,63.0575,63.7500,1961000
MMM,20030709,1600,63.7703,63.8734,63.1417,63.5100,1436100
MMM,20030710,1600,63.3491,63.7665,63.1134,63.3000,1750200
MMM,20030711,1600,63.3030,63.7548,63.1753,63.4700,1146000
MMM,20030714,1600,63.9979,64.3023,63.1630,63.3300,1943100
MMM,20030715,1600,63.8284,63.8284,62.6497,62.9100,2130300
MMM,20030716,1600,62.9548,63.0383,62.3410,62.6700,1419900
MMM,20030717,1600,62.3728,62.8394,62.2746,62.5300,1924300
MMM,20030718,1600,63.1050,63.9300,62.6384,63.9300,3073100
MMM,20030721,1600,65.0448,67.1515,65.0448,66.9600,6558400
MMM,20030722,1600,66.9665,67.6638,66.4263,67.6000,3674300
MMM,20030723,1600,67.5998,68.1400,66.8091,68.1400,2020400
MMM,20030724,1600,68.2681,68.7838,68.0864,68.4400,3445300
MMM,20030725,1600,68.4382,69.4891,68.2221,69.4400,2652400
MMM,20030728,1600,69.1516,69.3726,68.8864,69.2400,2880200
MMM,20030729,1600,69.0211,69.1782,68.4023,68.5300,2013300
MMM,20030730,1600,68.5386,68.7301,68.0966,68.4600,1927600
MMM,20030731,1600,68.5553,69.5572,68.5504,68.8500,2159000
MMM,20030801,1600,68.4615,68.8790,68.2160,68.2700,1830700
MMM,20030804,1600,68.2698,68.9475,67.7836,68.8100,1789500
MMM,20030805,1600,68.7164,68.9226,68.1663,68.2400,1649000
MMM,20030806,1600,68.1207,68.4104,67.7916,67.8800,1724800
MMM,20030807,1600,67.7529,68.2784,67.6596,68.1900,1663800
MMM,20030808,1600,68.1947,68.7300,68.0179,68.7300,1354200
MMM,20030811,1600,68.7323,69.6900,68.5702,69.6900,2779900
MMM,20030812,1600,69.7326,70.7393,69.5214,70.7000,2623700
MMM,20030813,1600,70.7046,71.1319,70.7046,70.9600,2686500
MMM,20030814,1600,70.3797,70.3797,69.0487,69.8100,3260800
MMM,20030815,1600,70.1533,70.1533,69.4412,70.0600,1251800
MMM,20030818,1600,69.9863,71.1405,69.9863,70.8900,1813700
MMM,20030819,1600,70.8909,71.0382,70.3310,70.9400,1630700
MMM,20030820,1600,71.5922,71.5922,70.9281,71.2800,1472000
MMM,20030821,1600,71.3928,72.0619,71.3680,71.7100,1613400
MMM,20030822,1600,72.2104,72.2104,71.1250,71.1300,2018400
MMM,20030825,1600,71.2087,71.3376,70.8171,71.0600,1143300
MMM,20030826,1600,71.0633,71.5689,70.6817,71.4400,1180100
MMM,20030827,1600,71.3109,71.4200,70.8351,70.8500,1251400
MMM,20030828,1600,70.7230,70.8717,70.0688,70.5000,1384400
MMM,20030829,1600,70.5010,70.7438,70.1788,70.6100,1125300
MMM,20030902,1600,69.8813,70.1737,69.3510,69.4600,3268200
MMM,20030903,1600,69.4608,70.7841,69.3468,70.6800,2989200
MMM,20030904,1600,70.6886,70.7530,69.2710,69.3900,2821600
MMM,20030905,1600,69.1116,69.2355,68.2146,68.7300,2633500
MMM,20030908,1600,68.9947,68.9947,67.9786,68.3900,2564200
MMM,20030909,1600,68.1942,69.0416,68.0405,68.1000,2145200
MMM,20030910,1600,68.1014,68.3443,67.5563,67.7000,1959500
MMM,20030911,1600,67.7397,69.2068,67.7397,68.8400,2116900
MMM,20030912,1600,68.5695,69.0106,68.2721,68.5100,2183000
MMM,20030915,1600,68.6695,68.9470,68.1292,68.6100,1789700
MMM,20030916,1600,68.7293,69.7800,68.7145,69.7800,1624500
MMM,20030917,1600,69.7876,70.1544,69.4853,69.5200,1757200
MMM,20030918,1600,69.6409,70.4587,69.5269,70.3100,1498600
MMM,20030919,1600,70.3056,70.8508,69.6612,70.3700,2515700
MMM,20030922,1600,69.9097,70.6829,69.9097,70.4400,1987500
MMM,20030923,1600,70.3783,70.8689,70.3386,70.7500,1448800
MMM,20030924,1600,70.7035,70.7431,69.8658,69.9600,1594700
MMM,20030925,1600,69.9620,70.4725,69.8876,70.1900,1807300
MMM,20030926,1600,70.9513,71.5461,70.8026,71.1000,3168000
MMM,20030929,1600,70.9785,70.9834,69.3923,69.6600,8743700
MMM,20030930,1600,69.2928,69.6596,68.3411,68.4700,5201200
MMM,20031001,1600,69.3284,70.3296,69.1896,70.2800,4448900
MMM,20031002,1600,70.3824,70.8682,69.9363,70.6600,2874100
MMM,20031003,1600,72.5089,73.4011,72.2810,72.3900,5580200
MMM,20031006,1600,72.3892,72.8551,71.8837,72.3000,2782800
MMM,20031007,1600,72.2040,72.6798,71.8670,72.6600,2216000
MMM,20031008,1600,72.6646,72.6646,71.8221,72.0600,2040300
MMM,20031009,1600,72.7565,73.6387,72.6177,73.4900,3751700
MMM,20031010,1600,73.3504,73.9946,73.2512,73.3900,2845000
MMM,20031013,1600,73.8997,74.1971,73.4933,73.8700,1941100
MMM,20031014,1600,73.6830,74.0200,73.0882,74.0200,2112200
MMM,20031015,1600,74.1009,74.1108,72.8816,73.0600,2771500
MMM,20031016,1600,73.1582,73.6538,72.6328,72.9500,3149000
MMM,20031017,1600,73.0432,73.4793,72.6467,73.4000,3074500
MMM,20031020,1600,75.0381,75.0381,72.8177,74.8200,5653900
MMM,20031021,1600,75.3059,75.3852,74.6120,74.8400,3233700
MMM,20031022,1600,74.8230,75.5169,74.4661,75.1600,3724100
MMM,20031023,1600,75.1610,75.4782,74.6157,75.2700,2335300
MMM,20031024,1600,75.2678,75.4661,74.4847,75.0200,2162800
MMM,20031027,1600,75.0205,75.4666,74.8718,75.0800,2247900
MMM,20031028,1600,75.5688,76.6791,75.2417,76.5800,3359900
MMM,20031029,1600,76.5728,77.1576,76.0276,76.8900,2411300
MMM,20031030,1600,76.8943,77.7864,76.8943,77.3800,2576500
MMM,20031031,1600,77.3771,78.6062,77.3473,78.1800,3065000
MMM,20031103,1600,78.2685,78.6353,77.7828,78.1000,2807900
MMM,20031104,1600,77.9674,79.0975,77.8088,78.8100,2903000
MMM,20031105,1600,78.8071,79.3028,77.9348,78.4800,2727200
MMM,20031106,1600,77.8295,79.0388,77.8295,78.9000,2367600
MMM,20031107,1600,78.9547,79.1926,78.1716,78.3500,2107900
MMM,20031110,1600,78.3482,78.5564,77.9617,78.1500,1740400
MMM,20031111,1600,78.1569,78.2759,77.5225,77.8100,2248000
MMM,20031112,1600,77.8135,78.2992,77.3773,78.2100,2035800
MMM,20031113,1600,78.0876,79.0392,77.7011,78.9500,1929300
MMM,20031114,1600,79.1881,79.4557,77.5228,77.8400,2460400
MMM,20031117,1600,77.8470,77.8470,76.6773,77.5100,2495500
MMM,20031118,1600,77.5115,78.0369,76.3913,76.5400,2881500
MMM,20031119,1600,76.6096,76.6494,76.0122,76.5100,3187500
MMM,20031120,1600,75.7631,77.1270,75.6635,76.4600,2846000
MMM,20031121,1600,76.6324,77.3790,76.4034,77.1600,2050200
MMM,20031124,1600,77.5973,79.2896,77.4679,79.2000,2812400
MMM,20031125,1600,79.1485,79.1485,78.2525,78.8200,2139100
MMM,20031126,1600,79.0892,79.1390,78.2929,78.9200,1558500
MMM,20031128,1600,78.3017,78.8891,78.2022,78.6900,710300
MMM,20031201,1600,79.1396,81.2799,79.0401,81.2500,3392100
MMM,20031202,1600,81.0181,81.1276,80.4208,80.5900,2658800
MMM,20031203,1600,80.4906,81.2771,80.4010,80.6300,2901400
MMM,20031204,1600,80.3626,81.0097,80.2929,80.9400,2118800
MMM,20031205,1600,80.5194,81.0769,80.3103,80.3800,2030600
MMM,20031208,1600,80.4352,81.6099,80.3755,81.5800,2396300
MMM,20031209,1600,81.7296,82.4265,81.3912,81.6500,2831600
MMM,20031210,1600,81.7348,81.7448,80.3112,80.5800,2213900
MMM,20031211,1600,80.8302,81.3380,80.4419,80.8800,2675500
MMM,20031212,1600,81.1896,81.7271,80.4330,81.1000,2238600
MMM,20031215,1600,82.1676,83.0635,81.3811,81.6300,3560100
MMM,20031216,1600,81.6344,82.7593,81.6344,82.6100,2464600
MMM,20031217,1600,82.6221,83.1398,82.1542,83.0900,2022300
MMM,20031218,1600,83.1297,83.1297,82.5324,83.0600,2912200
MMM,20031219,1600,83.1724,84.3570,83.1724,83.6900,4551700
MMM,20031222,1600,84.0039,85.0193,83.9740,84.8700,2860200
MMM,20031223,1600,84.7676,84.7775,83.7024,84.2300,2447300
MMM,20031224,1600,84.2283,84.3080,83.8301,83.8600,767400
MMM,20031226,1600,83.9495,84.2481,83.7105,83.8300,874200
MMM,20031229,1600,83.7417,84.2196,83.1942,84.1200,2346300
MMM,20031230,1600,84.0195,84.2285,83.6412,83.9000,1459700
MMM,20031231,1600,84.1025,84.6998,84.0228,84.6500,1626300
MMM,20040102,1600,84.6228,84.8119,82.7412,83.0000,2591700
MMM,20040105,1600,83.2062,84.6198,82.9473,84.5800,2985200
MMM,20040106,1600,84.1209,84.5788,84.0213,84.3200,2983100
MMM,20040107,1600,83.7461,83.8755,82.3324,82.8700,4293600
MMM,20040108,1600,82.8675,82.8774,82.0113,82.3100,3489300
MMM,20040109,1600,81.9802,82.8264,81.6517,82.0300,3310600
MMM,20040112,1600,82.1728,82.9394,81.8741,82.8000,2841300
MMM,20040113,1600,82.6792,83.0775,82.1417,82.5100,2159700
MMM,20040114,1600,82.7526,83.5888,82.7227,83.3200,2088300
MMM,20040115,1600,83.3227,84.1490,82.7254,83.9200,2599600
MMM,20040116,1600,84.5724,85.4883,84.4330,85.1000,3635900
MMM,20040120,1600,85.8141,85.8141,79.7414,80.0500,9737300
MMM,20040121,1600,80.5836,82.2560,79.7375,81.3800,7712200
MMM,20040122,1600,81.6106,82.3871,81.3816,81.7400,3805400
MMM,20040123,1600,82.2769,82.3067,81.3809,81.5900,2633600
MMM,20040126,1600,81.5923,82.2792,81.5326,82.1000,2925700
MMM,20040127,1600,82.2974,82.7354,81.6305,81.7300,2877300
MMM,20040128,1600,81.8799,82.2681,79.2020,79.6400,4283400
MMM,20040129,1600,79.6577,79.8867,78.8016,79.1600,4690800
MMM,20040130,1600,78.8495,78.9988,78.0630,78.7400,3389700
MMM,20040202,1600,78.5360,79.2428,77.2219,77.6500,3959200
MMM,20040203,1600,78.7491,78.9283,77.2558,78.5500,3753000
MMM,20040204,1600,78.5425,79.4583,78.0945,79.0900,3458200
MMM,20040205,1600,78.7496,79.1279,78.3414,78.6500,2605400
MMM,20040206,1600,78.6437,79.7387,78.6437,79.4500,2718700
MMM,20040209,1600,79.4381,79.8761,78.8707,79.0300,2076800
MMM,20040210,1600,79.1975,81.0393,78.7495,80.8900,3347900
MMM,20040211,1600,80.3929,81.0997,80.3829,81.0400,2842000
MMM,20040212,1600,81.0381,81.0481,80.5105,80.6200,2058700
MMM,20040213,1600,80.6838,80.7137,79.3200,79.3200,2839300
MMM,20040217,1600,80.0396,80.3582,79.3926,79.9600,2695200
MMM,20040218,1600,80.2000,80.3200,79.2000,79.6600,2285300
MMM,20040219,1600,79.9800,80.2600,78.9300,79.1000,2413500
MMM,20040220,1600,79.3800,80.2500,79.1500,79.7000,2397500
MMM,20040223,1600,79.7500,80.6300,79.6000,80.4400,2259800
MMM,20040224,1600,80.2500,80.7100,79.1400,79.4800,2422300
MMM,20040225,1600,79.0500,79.7000,78.1900,78.5700,3097500
MMM,20040226,1600,78.3200,79.0400,78.0000,78.1800,3521800
MMM,20040227,1600,78.2500,78.8400,77.6000,78.0200,2946600
MMM,20040301,1600,78.4700,79.1000,78.0900,78.7800,2364800
MMM,20040302,1600,78.9500,79.2800,78.3100,78.3100,2216800
MMM,20040303,1600,78.3200,79.4100,78.3100,78.9500,2837900
MMM,20040304,1600,79.0100,79.3500,78.3900,78.8900,1951300
MMM,20040305,1600,78.8000,79.5000,78.4000,78.6600,2852900
MMM,20040308,1600,78.6200,78.7700,77.5600,77.6700,2377000
MMM,20040309,1600,77.6700,78.1500,77.2500,77.8500,2604200
MMM,20040310,1600,77.7700,78.1100,75.8000,76.0000,4185500
MMM,20040311,1600,75.2700,76.9000,75.1300,75.3500,4397500
MMM,20040312,1600,75.3500,76.3000,75.0000,76.2200,3324500
MMM,20040315,1600,76.1000,76.1000,74.3500,74.8700,3473600
MMM,20040316,1600,77.3100,79.3400,77.3100,78.8100,7482900
MMM,20040317,1600,79.4500,79.7800,78.8200,79.5600,3714400
MMM,20040318,1600,79.2200,80.2500,78.7000,79.8800,3553800
MMM,20040319,1600,79.8800,80.5900,79.7000,79.7600,3577300
MMM,20040322,1600,79.1000,79.9900,79.0200,79.7100,3858100
MMM,20040323,1600,80.0000,80.5000,79.5000,79.6000,3209800
MMM,20040324,1600,79.6000,80.1500,79.1200,79.4300,2619400
MMM,20040325,1600,80.0000,81.0200,79.2100,81.0200,3210300
MMM,20040326,1600,80.6000,80.8400,79.5000,79.9800,2615700
MMM,20040329,1600,80.0000,80.8900,79.9900,80.8000,2651500
MMM,20040330,1600,80.5700,81.7800,80.3900,81.6800,3000700
MMM,20040331,1600,81.9300,81.9800,81.0000,81.8700,2986400
MMM,20040401,1600,81.8700,82.0000,80.9000,81.0500,2866000
MMM,20040402,1600,82.0000,82.1500,81.2000,81.7800,2888900
MMM,20040405,1600,81.9000,82.7700,81.8200,82.7500,2237300
MMM,20040406,1600,82.3500,82.8900,82.1000,82.8300,1653000
MMM,20040407,1600,82.6200,82.9900,82.2800,82.7500,2952600
MMM,20040408,1600,82.9500,83.2400,82.0900,82.4300,2340800
MMM,20040412,1600,82.6300,83.6200,82.6000,83.6200,1512900
MMM,20040413,1600,83.5200,83.6500,82.3100,82.3900,2397800
MMM,20040414,1600,81.6400,82.9700,81.6000,82.6600,1861400
MMM,20040415,1600,82.6600,83.1200,82.1000,82.8500,2077700
MMM,20040416,1600,83.3000,83.8300,82.5800,83.7300,2234400
MMM,20040419,1600,83.9500,85.1200,82.7600,83.7600,5273200
MMM,20040420,1600,84.0000,84.9100,83.1800,83.2000,2724800
MMM,20040421,1600,83.2000,84.3800,82.9000,83.9500,2185900
MMM,20040422,1600,83.7800,87.1800,83.7800,86.9500,4789600
MMM,20040423,1600,86.3000,88.7000,86.0000,87.9000,5057200
MMM,20040426,1600,87.5100,88.2600,87.5000,87.7500,2909000
MMM,20040427,1600,87.2800,88.5700,87.2800,88.3800,3211000
MMM,20040428,1600,87.9000,88.0500,86.6100,86.7200,2698200
MMM,20040429,1600,86.7200,87.5000,85.9400,86.1200,3166400
MMM,20040430,1600,86.0500,87.3400,86.0200,86.4800,2990900
MMM,20040503,1600,86.5000,87.6500,86.2700,87.0300,2296300
MMM,20040504,1600,86.4300,87.2500,86.0200,86.5000,2872700
MMM,20040505,1600,86.5000,86.8500,85.7100,85.7500,2443100
MMM,20040506,1600,85.1200,85.5500,84.0300,84.7700,2819500
MMM,20040507,1600,84.4500,85.6700,84.1100,84.4300,2243300
MMM,20040510,1600,83.6500,83.9500,82.8900,83.5400,3089400
MMM,20040511,1600,84.4700,85.1900,83.5800,84.1500,2745500
MMM,20040512,1600,83.6000,85.4000,83.5100,85.3500,2794200
MMM,20040513,1600,85.0000,85.5000,84.2400,84.6000,1797600
MMM,20040514,1600,83.6491,84.2167,83.0019,83.4500,2735800
MMM,20040517,1600,82.4020,83.5271,82.3920,82.8600,2774500
MMM,20040518,1600,82.9591,83.2379,82.3418,82.7600,2958200
MMM,20040519,1600,83.0000,84.4300,82.2100,82.3100,2578000
MMM,20040520,1600,82.4500,82.7600,82.0300,82.2000,2439700
MMM,20040521,1600,82.4500,83.6000,82.4200,82.9200,1974800
MMM,20040524,1600,82.9300,83.9500,82.4400,82.5500,2246700
MMM,20040525,1600,82.5400,83.9000,81.6700,83.6400,3102700
MMM,20040526,1600,83.7200,84.3000,83.5200,84.0000,1837100
MMM,20040527,1600,84.5500,85.7700,84.4100,84.9500,2742900
MMM,20040528,1600,85.0000,85.2500,84.2600,84.5600,1650600
MMM,20040601,1600,84.1300,85.3100,84.0100,84.8300,2365200
MMM,20040602,1600,85.4500,85.8600,84.8000,85.6100,1832700
MMM,20040603,1600,85.4600,85.8900,84.7700,84.7700,1630900
MMM,20040604,1600,85.3000,85.6500,84.7500,84.8600,1738000
MMM,20040607,1600,84.8600,85.5000,84.6500,85.1800,2443100
MMM,20040608,1600,84.8000,86.1900,84.7900,86.1300,1950300
MMM,20040609,1600,86.0000,86.3100,85.4100,85.4100,1766000
MMM,20040610,1600,85.4400,86.2700,85.4400,86.2200,1655500
MMM,20040614,1600,85.6000,85.9500,84.8800,85.1500,1975500
MMM,20040615,1600,85.9500,86.0200,85.0300,85.5500,1927200
MMM,20040616,1600,85.5500,85.7300,85.1900,85.4000,1012100
MMM,20040617,1600,85.0000,86.2400,85.0000,85.9300,1497900
MMM,20040618,1600,85.9300,87.5900,85.9300,87.0900,3702700
MMM,20040621,1600,86.9000,87.8900,86.9000,87.2800,2429200
MMM,20040622,1600,87.7900,89.5000,87.2900,89.5000,3797100
MMM,20040623,1600,89.0200,89.7000,88.5500,89.5500,2989400
MMM,20040624,1600,89.1500,89.3200,88.4700,88.5800,1875800
MMM,20040625,1600,88.6000,89.3500,88.0715,88.6600,3245700
MMM,20040628,1600,89.0500,89.5600,88.2900,88.6900,1867500
MMM,20040629,1600,88.6900,90.0000,88.5100,89.8000,2577700
MMM,20040630,1600,89.9800,90.2900,89.1600,90.0100,3070000
MMM,20040701,1600,90.0000,90.1100,87.7900,88.1700,2627200
MMM,20040702,1600,88.3300,88.3900,87.4100,87.5000,1711900
MMM,20040706,1600,87.0700,87.9700,87.0000,87.5500,2305900
MMM,20040707,1600,87.5500,88.4400,87.3700,88.4300,2454300
MMM,20040708,1600,88.4300,89.0000,87.6400,87.7400,2343600
MMM,20040709,1600,88.2000,88.6900,87.3000,87.6500,1781300
MMM,20040712,1600,87.7700,88.0000,86.9500,87.9000,1605900
MMM,20040713,1600,87.7200,87.8800,87.1500,87.3800,2278900
MMM,20040714,1600,86.5700,88.6800,86.5700,88.1900,2044800
MMM,20040715,1600,88.1900,89.1900,88.1800,88.6200,2074100
MMM,20040716,1600,89.3000,89.3000,87.7800,87.8400,2545000
MMM,20040719,1600,85.5000,85.5100,82.2000,83.0500,10521700
MMM,20040720,1600,83.4500,84.9500,83.2600,84.9300,4807300
MMM,20040721,1600,85.2000,85.2000,83.4500,83.5800,3557100
MMM,20040722,1600,83.0200,84.1000,83.0000,83.7000,3765900
MMM,20040723,1600,83.7000,83.7500,82.3000,82.6200,2739600
MMM,20040726,1600,82.6200,83.0000,81.3700,81.6300,3350400
MMM,20040727,1600,81.9800,83.4600,81.6000,83.0500,2789300
MMM,20040728,1600,83.0500,83.0500,80.7500,81.9900,4493900
MMM,20040729,1600,82.6900,82.6900,81.6000,82.1200,2822700
MMM,20040730,1600,82.1200,82.6000,81.9300,82.3600,1885300
MMM,20040802,1600,82.3000,83.8500,81.9000,83.5500,2412000
MMM,20040803,1600,83.2600,83.3400,82.4100,82.9300,1778700
MMM,20040804,1600,82.4000,83.2800,82.1200,83.1400,1195900
MMM,20040805,1600,82.8300,83.6700,81.4800,81.5700,2577400
MMM,20040806,1600,80.7600,81.1900,79.6500,79.8700,3228600
MMM,20040809,1600,79.8000,80.6700,79.3600,79.4500,2556600
MMM,20040810,1600,80.0000,80.0000,79.0300,79.5500,434600
MMM,20040811,1600,79.3000,79.4900,78.2000,79.2300,3401200
MMM,20040812,1600,79.0200,79.1900,77.7500,77.7900,3187000
MMM,20040813,1600,78.1500,78.5000,77.2000,77.6600,2100700
MMM,20040816,1600,78.1500,78.5300,77.7500,78.2300,2903800
MMM,20040817,1600,78.1500,79.0000,78.1500,78.6800,2878100
MMM,20040818,1600,78.2000,80.0000,77.8100,80.0000,2757200
MMM,20040819,1600,79.7500,80.1600,79.5700,79.9800,2239200
MMM,20040820,1600,79.6000,80.4500,79.5500,80.2700,1785100
MMM,20040823,1600,80.1900,80.9500,80.0000,80.3600,1563400
MMM,20040824,1600,80.7000,80.9400,80.1800,80.5800,1336600
MMM,20040825,1600,80.3500,81.3500,79.7000,81.2000,2094800
MMM,20040826,1600,81.2300,81.9800,81.0400,81.2700,1616700
MMM,20040827,1600,80.9500,81.7000,80.7700,81.4800,1134600
MMM,20040830,1600,81.5000,81.7800,81.1100,81.3000,1481000
MMM,20040831,1600,81.3800,82.4600,81.1600,82.3600,2508100
MMM,20040901,1600,82.1200,82.7100,82.1200,82.7100,952600
MMM,20040902,1600,82.7600,83.6000,82.3000,83.5400,2310300
MMM,20040903,1600,83.5700,84.1700,83.3600,83.9400,1778800
MMM,20040907,1600,84.2000,84.5900,83.7700,84.2200,2185000
MMM,20040908,1600,84.2200,84.2200,83.3500,83.5500,1650800
MMM,20040909,1600,84.1000,84.2800,83.7500,83.8500,1782000
MMM,20040910,1600,83.9000,84.7100,83.5300,84.6900,1843500
MMM,20040913,1600,84.6900,84.9600,84.2700,84.6500,2281700
MMM,20040914,1600,84.6500,84.6800,83.8500,83.9200,2235600
MMM,20040915,1600,83.9200,83.9200,82.8100,82.9400,1059000
MMM,20040916,1600,82.2000,82.7200,81.9100,82.0500,2339800
MMM,20040917,1600,82.0500,82.7600,81.7300,82.3200,3567700
MMM,20040920,1600,82.1500,82.2500,80.8500,80.9400,2788500
MMM,20040921,1600,81.2700,81.8000,80.4000,81.5700,3028100
MMM,20040922,1600,81.2000,81.2000,80.0300,80.2300,2955500
MMM,20040923,1600,80.0200,80.1400,78.7000,78.7000,3975200
MMM,20040924,1600,78.8700,79.4000,78.6800,78.6800,3184600
MMM,20040927,1600,78.6800,78.6800,77.6900,77.6900,3306900
MMM,20040928,1600,78.2600,79.2500,77.9100,79.0700,4120700
MMM,20040929,1600,78.8500,79.1000,78.3000,78.7800,2694200
MMM,20040930,1600,78.6800,80.3400,78.5100,79.9700,4114500
MMM,20041001,1600,80.0000,80.7500,79.6900,79.6900,3581800
MMM,20041004,1600,80.1500,80.3500,78.9400,78.9400,2985500
MMM,20041005,1600,78.9500,78.9700,78.1000,78.7600,2951200
MMM,20041006,1600,79.6300,81.2500,79.2500,81.1400,3455000
MMM,20041007,1600,81.9700,81.9700,79.6500,79.6600,2663900
MMM,20041008,1600,79.7600,79.7700,78.8300,79.2600,2614900
MMM,20041011,1600,79.5000,79.8800,79.2200,79.2200,1559800
MMM,20041012,1600,79.1500,79.2000,78.5300,78.6300,2240500
MMM,20041013,1600,79.4500,79.6000,77.0900,77.9800,3746300
MMM,20041014,1600,78.1500,78.3300,77.3000,77.6000,3030000
MMM,20041015,1600,77.6500,78.5500,77.6500,77.9800,3205500
MMM,20041018,1600,75.0000,76.6200,73.3100,76.1000,14470200
MMM,20041019,1600,76.8000,77.0100,75.8200,76.1500,2254700
MMM,20041020,1600,75.5300,77.0900,74.8400,76.3700,2673800
MMM,20041021,1600,76.9500,77.7700,76.5600,77.6000,4064100
MMM,20041022,1600,77.8500,78.0000,75.6000,75.8800,4004600
MMM,20041025,1600,75.3700,76.0600,75.0500,75.5700,2926600
MMM,20041026,1600,75.4000,76.2600,75.2600,76.2200,3642800
MMM,20041027,1600,75.8100,77.8085,75.4800,77.5700,3534100
MMM,20041028,1600,77.0300,77.6600,76.9000,77.5900,1422900
MMM,20041029,1600,76.9500,77.7300,76.9500,77.5700,2112400
MMM,20041101,1600,77.5000,77.5030,76.1400,76.9100,2905400
MMM,20041102,1600,76.3500,77.7500,75.6000,75.8800,3892700
MMM,20041103,1600,76.0000,77.7000,75.1000,75.2900,5542700
MMM,20041104,1600,75.5400,78.1500,75.0600,78.0800,6238100
MMM,20041105,1600,78.5000,81.6200,78.5000,81.4000,6746800
MMM,20041108,1600,81.4000,81.7900,80.8300,81.3800,2969000
MMM,20041109,1600,81.6300,81.8500,80.8100,81.5000,1472000
MMM,20041110,1600,79.0428,79.2182,78.4680,78.7700,2871200
MMM,20041111,1600,79.2537,79.9064,78.8250,79.7700,2547500
MMM,20041112,1600,79.8875,80.5500,79.7901,80.5500,2676900
MMM,20041115,1600,80.6666,80.7640,79.9164,80.1600,3054600
MMM,20041116,1600,80.0789,80.0886,79.4652,79.6600,2825400
MMM,20041117,1600,80.2254,81.1257,79.9513,80.4700,2819900
MMM,20041118,1600,80.2380,80.7663,80.2380,80.6000,2186000
MMM,20041119,1600,80.4038,80.4821,79.0339,79.2100,2571000
MMM,20041122,1600,79.2155,79.2155,78.6479,79.0100,2812000
MMM,20041123,1600,79.0093,79.0191,78.3341,78.5200,2964100
MMM,20041124,1600,78.4517,78.7551,78.3343,78.5300,2616000
MMM,20041126,1600,78.2834,78.7140,78.2834,78.4400,1138600
MMM,20041129,1600,78.4757,78.9160,77.6538,78.2800,3116900
MMM,20041130,1600,78.2812,78.7802,77.7430,77.8800,4306700
MMM,20041201,1600,77.8003,78.7300,77.8003,78.7300,3833800
MMM,20041202,1600,78.4838,79.0220,77.8966,78.2000,2981900
MMM,20041203,1600,78.4006,80.0641,78.1462,79.3400,4940900
MMM,20041206,1600,79.0219,79.1099,78.5424,78.6500,2408200
MMM,20041207,1600,78.8925,79.2546,77.1604,77.1800,3506100
MMM,20041208,1600,77.3051,77.9021,77.2562,77.5400,2412800
MMM,20041209,1600,77.3681,77.5932,76.8494,77.2800,3855500
MMM,20041210,1600,76.9143,77.4819,76.8654,77.1100,2666400
MMM,20041213,1600,77.3578,77.7492,76.4575,76.8000,3889700
MMM,20041214,1600,76.8200,77.5050,76.7711,76.8200,3409800
MMM,20041215,1600,77.1747,77.7325,77.0084,77.3900,4183900
MMM,20041216,1600,77.4463,78.8750,77.3093,78.1900,4854100
MMM,20041217,1600,78.6747,79.1640,78.3224,78.8900,6293200
MMM,20041220,1600,78.4916,79.5876,78.4916,79.0200,3540900
MMM,20041221,1600,79.0371,79.4383,78.8707,79.3600,2810700
MMM,20041222,1600,79.2609,79.9166,79.0261,79.7600,2881000
MMM,20041223,1600,80.1048,81.2008,80.1048,80.7800,3031100
MMM,20041227,1600,80.8206,81.2120,80.3900,80.3900,2216000
MMM,20041228,1600,80.6327,81.2198,80.5348,81.2100,2120900
MMM,20041229,1600,80.9798,81.2147,80.7253,80.9700,1695200
MMM,20041230,1600,80.9311,81.2540,80.8821,80.9800,1271700
MMM,20041231,1600,80.9558,80.9950,80.3100,80.3100,1440800
MMM,20050103,1600,80.4049,81.6085,80.2875,80.6300,3192000
MMM,20050104,1600,80.6357,81.2424,79.9213,79.9800,3644600
MMM,20050105,1600,79.9492,80.1939,79.0000,79.0000,2895300
MMM,20050106,1600,79.1425,80.6298,79.0837,79.7100,3014500
MMM,20050107,1600,79.7571,81.0293,79.5125,80.5400,3293000
MMM,20050110,1600,80.5352,82.4923,80.5352,82.1400,4343700
MMM,20050111,1600,82.1463,83.1640,82.0485,82.8900,4757100
MMM,20050112,1600,82.7681,83.1791,82.2006,83.1400,4183500
MMM,20050113,1600,82.8413,83.6633,81.7160,81.9900,4172400
MMM,20050114,1600,81.9939,82.4440,81.3186,82.1700,3082200
MMM,20050118,1600,82.1877,83.1761,79.8686,80.2600,7161400
MMM,20050119,1600,80.7329,81.0167,80.3415,80.4100,4878000
MMM,20050120,1600,80.9254,81.7571,80.3187,81.1700,3234000
MMM,20050121,1600,80.9783,81.3404,79.4419,79.5300,4259500
MMM,20050124,1600,79.7526,80.2027,79.0578,79.8700,4046300
MMM,20050125,1600,80.3844,81.2357,80.2474,81.0400,3480400
MMM,20050126,1600,81.1897,82.1095,81.1897,81.6300,2919500
MMM,20050127,1600,81.2176,81.7069,80.6697,81.1100,2564100
MMM,20050128,1600,81.1177,81.6168,81.0198,81.4700,2046600
MMM,20050131,1600,81.8063,82.6870,81.8063,82.5500,2800700
MMM,20050201,1600,82.5442,82.8867,82.0060,82.2800,3010200
MMM,20050202,1600,81.9708,81.9903,81.4228,81.5500,2908000
MMM,20050203,1600,81.6087,81.8827,81.1684,81.5500,2314400
MMM,20050204,1600,81.7613,82.4072,81.6341,82.2800,2451300
MMM,20050207,1600,82.2464,82.6867,81.9626,82.0800,1715200
MMM,20050208,1600,81.7570,82.7844,81.4830,82.5300,2020000
MMM,20050209,1600,82.5287,82.5581,81.4132,81.5600,1780800
MMM,20050210,1600,81.6009,82.2761,81.5618,82.1000,1915300
MMM,20050211,1600,82.1813,82.7097,81.4571,82.2400,2578100
MMM,20050214,1600,82.6630,83.1327,82.3498,82.8000,2012500
MMM,20050215,1600,83.1812,84.2283,82.9072,84.1500,3753600
MMM,20050216,1600,83.6679,85.1161,83.5406,84.9400,2962300
MMM,20050217,1600,84.6235,84.9366,83.8700,83.8700,2913700
MMM,20050218,1600,83.9451,84.6497,83.6711,83.7200,2957100
MMM,20050222,1600,83.5713,84.0117,82.0545,82.2600,2989400
MMM,20050223,1600,82.2940,82.8939,82.0284,82.5300,3078400
MMM,20050224,1600,82.3981,82.8800,81.6014,82.8800,2692200
MMM,20050225,1600,82.8066,83.4852,82.3051,83.2000,2252100
MMM,20050228,1600,83.1991,83.2384,82.3533,82.5500,2163300
MMM,20050301,1600,82.5586,83.5912,82.2734,83.0700,2289900
MMM,20050302,1600,83.0026,83.6911,82.6289,83.1600,2182400
MMM,20050303,1600,83.5688,83.5688,82.1428,83.5000,2412900
MMM,20050304,1600,83.8007,85.2464,83.7023,85.0300,2906800
MMM,20050307,1600,85.0341,86.0078,84.9259,85.2800,3619900
MMM,20050308,1600,84.9795,85.4319,84.6746,84.9500,2697000
MMM,20050309,1600,84.7787,85.3885,84.6312,84.7000,2563800
MMM,20050310,1600,84.6791,85.3479,83.8333,85.2200,2523500
MMM,20050311,1600,85.2232,85.5576,84.1020,84.2200,2396200
MMM,20050314,1600,84.3325,85.0701,83.8506,84.4800,2579700
MMM,20050315,1600,84.5777,85.3251,84.4400,84.4400,2199300
MMM,20050316,1600,84.2358,85.4553,84.2358,84.5800,2758900
MMM,20050317,1600,84.4517,85.0319,84.0189,84.5500,1995800
MMM,20050318,1600,84.9760,85.6153,84.1499,84.7400,5264900
MMM,20050321,1600,84.5745,84.7712,83.8960,84.2500,1695300
MMM,20050322,1600,84.0683,85.2682,83.9307,83.9700,2086700
MMM,20050323,1600,83.7387,84.0829,83.2175,83.6600,2366300
MMM,20050324,1600,83.8405,84.2339,83.4864,83.8700,1843600
MMM,20050328,1600,83.8780,84.3402,83.7108,83.7600,1561300
MMM,20050329,1600,83.7712,84.6367,83.2008,83.2500,2752700
MMM,20050330,1600,83.4487,84.6583,83.4487,84.5600,1999000
MMM,20050331,1600,84.5257,85.1551,84.1520,84.2700,2609400
MMM,20050401,1600,84.5754,84.7819,83.6608,83.7100,2293700
MMM,20050404,1600,83.8212,84.0081,83.1721,83.3000,2448700
MMM,20050405,1600,83.2765,83.5912,82.4603,83.0700,2863200
MMM,20050406,1600,83.5970,84.2068,83.3610,83.4200,2333500
MMM,20050407,1600,83.6910,83.9860,83.3861,83.7500,2131900
MMM,20050408,1600,83.5925,83.9368,83.1008,83.1500,1660700
MMM,20050411,1600,83.3454,83.4732,82.7946,83.0700,1588000
MMM,20050412,1600,82.8467,84.0564,82.1484,83.8400,2307000
MMM,20050413,1600,83.5676,83.9414,82.4169,82.8300,2294600
MMM,20050414,1600,82.5149,82.5444,80.8036,81.0200,3206600
MMM,20050415,1600,81.0246,81.1132,79.1758,79.5200,4636300
MMM,20050418,1600,78.6825,78.6923,74.1386,74.6500,13236700
MMM,20050419,1600,75.2371,76.9090,75.2371,75.6600,7149900
MMM,20050420,1600,75.8991,76.3220,74.2566,74.6500,4921700
MMM,20050421,1600,75.6264,76.9245,75.0462,76.6000,3657800
MMM,20050422,1600,76.6260,76.6358,75.1212,75.7900,2715800
MMM,20050425,1600,76.3874,76.9381,75.9350,76.2300,2461300
MMM,20050426,1600,76.2370,76.5419,74.8700,74.8700,2724900
MMM,20050427,1600,74.6121,75.5660,74.0221,75.3300,2750200
MMM,20050428,1600,74.6490,74.7670,73.8720,73.9900,3213400
MMM,20050429,1600,74.4625,75.3379,73.7150,75.2100,2955800
MMM,20050502,1600,75.2068,75.8657,74.9904,75.6100,2834500
MMM,20050503,1600,75.5687,76.0112,75.0081,75.4900,3141600
MMM,20050504,1600,75.4308,76.3454,74.9194,76.0700,3013100
MMM,20050505,1600,76.0720,76.6621,75.8261,76.1900,2600200
MMM,20050506,1600,76.2959,76.9449,75.8926,76.0500,2286200
MMM,20050509,1600,75.9091,76.4500,75.5353,76.4500,2310700
MMM,20050510,1600,76.2939,76.2939,74.7303,75.3400,3866900
MMM,20050511,1600,75.5233,75.8085,74.7463,75.7200,2806200
MMM,20050512,1600,75.9659,75.9758,74.4120,74.5300,2371700
MMM,20050513,1600,74.8124,75.0189,73.8486,74.3600,2553700
MMM,20050516,1600,74.7174,75.3862,74.4224,75.1600,1931800
MMM,20050517,1600,74.7958,75.8777,74.5008,75.7400,2414300
MMM,20050518,1600,76.1225,77.5365,75.8950,77.2300,2247300
MMM,20050519,1600,77.2273,77.3064,76.6934,76.9900,2191900
MMM,20050520,1600,76.9317,76.9317,75.4979,76.2000,3465200
MMM,20050523,1600,76.4436,78.3522,76.2458,77.6600,2962500
MMM,20050524,1600,77.2508,77.6068,77.0827,77.3200,2263500
MMM,20050525,1600,77.3075,77.3075,76.1308,76.2000,2589800
MMM,20050526,1600,76.9308,76.9308,75.6948,76.1200,3051300
MMM,20050527,1600,76.0706,76.5847,76.0706,76.1200,1511700
MMM,20050531,1600,76.1560,76.4230,75.8000,75.8000,3337000
MMM,20050601,1600,75.9225,76.9311,75.6060,76.1400,2085900
MMM,20050602,1600,76.1551,76.2639,75.4926,75.7200,2219200
MMM,20050603,1600,75.7334,75.9905,74.9028,75.1500,2305500
MMM,20050606,1600,75.0133,75.3990,74.7365,75.3100,1611100
MMM,20050607,1600,75.6482,76.5778,75.3614,75.4900,2725100
MMM,20050608,1600,76.0660,76.1154,75.5122,75.7100,2042700
MMM,20050609,1600,75.7058,76.1705,74.9542,75.3300,2720900
MMM,20050610,1600,75.6917,75.7312,74.5643,74.9500,2776900
MMM,20050613,1600,75.1115,76.0904,74.7555,75.2400,2556500
MMM,20050614,1600,75.7606,76.1858,75.5034,75.8100,2363200
MMM,20050615,1600,76.0414,76.1897,74.9537,75.2800,2612400
MMM,20050616,1600,75.2860,76.1266,74.9102,75.8200,2295700
MMM,20050617,1600,76.8016,77.6718,75.9908,76.0600,3939400
MMM,20050620,1600,76.6365,77.0222,76.2311,76.3300,2281200
MMM,20050621,1600,76.5377,77.1211,76.1421,76.3300,2822300
MMM,20050622,1600,76.9803,77.6330,76.4563,77.0100,3977800
MMM,20050623,1600,77.3441,77.3836,74.7432,75.0300,4737000
MMM,20050624,1600,74.9070,75.4608,74.4620,74.6400,4004000
MMM,20050627,1600,74.8412,75.4741,74.6632,74.9500,2282700
MMM,20050628,1600,75.4489,76.3587,75.2017,76.2400,3008000
MMM,20050629,1600,76.2085,76.2184,75.1208,75.1900,2225100
MMM,20050630,1600,73.1812,73.7251,71.4506,71.5000,14756900
MMM,20050701,1600,71.5077,72.3087,70.2419,72.1900,8866000
MMM,20050705,1600,72.2265,73.0472,72.1869,72.8000,3999300
MMM,20050706,1600,72.8111,72.8111,72.0200,72.0200,3753600
MMM,20050707,1600,71.2001,73.0790,70.5771,72.9900,3714400
MMM,20050708,1600,73.0822,74.4073,72.7855,74.1700,3345000
MMM,20050711,1600,74.5483,75.3097,74.1824,75.2800,3709900
MMM,20050712,1600,75.2959,75.2959,74.0301,74.0400,3687700
MMM,20050713,1600,74.2602,74.5865,73.6768,74.2800,3299300
MMM,20050714,1600,74.2835,75.1240,74.2340,74.5900,2791600
MMM,20050715,1600,74.9561,75.8856,74.2441,74.6100,3573800
MMM,20050718,1600,74.6098,75.2921,73.4528,73.7000,4631600
MMM,20050719,1600,73.7369,74.0137,73.1634,73.4600,4230400
MMM,20050720,1600,73.2863,73.9192,73.1677,73.8500,2828100
MMM,20050721,1600,74.2837,74.5605,73.4431,73.7200,2799900
MMM,20050722,1600,73.9690,74.1173,73.1779,73.8800,2857200
MMM,20050725,1600,74.0025,74.4574,73.0730,73.3400,2943200
MMM,20050726,1600,73.8006,73.8006,72.9600,72.9600,2664000
MMM,20050727,1600,73.2651,73.3739,72.5136,72.8300,3194500
MMM,20050728,1600,72.8712,73.9590,72.8218,73.8700,3188600
MMM,20050729,1600,74.0414,74.4865,73.5964,74.1700,3068200
MMM,20050801,1600,74.2622,74.5094,73.8766,74.4600,2502800
MMM,20050802,1600,74.4752,74.6532,73.8225,74.0500,2441800
MMM,20050803,1600,73.7160,73.9236,73.0930,73.3600,3350800
MMM,20050804,1600,73.3606,73.3606,72.1839,72.5300,3281100
MMM,20050805,1600,72.5360,72.8327,72.1009,72.1800,2693800
MMM,20050808,1600,72.0640,72.3903,71.1938,71.5300,3747200
MMM,20050809,1600,71.6648,72.0900,71.1308,71.2000,3984500
MMM,20050810,1600,71.3780,71.8922,71.0121,71.2000,5062400
MMM,20050811,1600,71.4116,71.6291,71.0259,71.5500,3486300
MMM,20050812,1600,71.5454,71.6344,71.1400,71.1400,2723100
MMM,20050815,1600,71.2020,71.8151,70.4109,71.3800,3377900
MMM,20050816,1600,71.4335,71.4929,70.8501,70.8600,2481900
MMM,20050817,1600,70.8628,71.6784,70.7633,71.3800,2634100
MMM,20050818,1600,71.5102,71.6096,70.9034,71.5400,3032700
MMM,20050819,1600,71.7795,72.5156,71.5507,71.6900,2924100
MMM,20050822,1600,71.9777,72.5745,71.0227,71.5400,2856200
MMM,20050823,1600,71.5350,71.5350,70.4707,70.6100,3331300
MMM,20050824,1600,70.3531,71.2384,70.0647,70.9400,3735600
MMM,20050825,1600,71.1488,71.1587,70.6713,70.9200,2167600
MMM,20050826,1600,70.7990,70.9283,70.1724,70.6100,2995900
MMM,20050829,1600,70.1231,70.9884,70.0336,70.7000,1881100
MMM,20050830,1600,70.6995,70.9680,70.2817,70.6000,2386200
MMM,20050831,1600,70.4815,70.8595,70.1334,70.7700,2845000
MMM,20050901,1600,71.0171,71.3553,70.2313,70.4800,3004600
MMM,20050902,1600,71.0106,71.3090,70.6624,71.1200,2507300
MMM,20050906,1600,71.6933,72.3697,71.3949,72.3100,3239300
MMM,20050907,1600,72.4450,73.9072,72.3157,73.3800,3857400
MMM,20050908,1600,71.8646,73.4263,71.8348,72.7300,3615200
MMM,20050909,1600,73.0604,73.4781,72.7122,73.1300,2527100
MMM,20050912,1600,73.3426,74.1285,73.1138,73.8400,3933600
MMM,20050913,1600,73.6498,74.1869,73.5901,73.6100,3004200
MMM,20050914,1600,73.7577,74.0860,73.1708,73.3300,2407400
MMM,20050915,1600,73.1289,73.4273,72.4525,72.9200,2450300
MMM,20050916,1600,73.2783,73.4275,72.4229,72.9600,3959500
MMM,20050919,1600,72.8661,72.9158,71.7718,72.1200,2860100
MMM,20050920,1600,72.0098,72.5967,71.8208,71.9700,2664100
MMM,20050921,1600,71.9798,72.3380,71.5223,71.9500,2942500
MMM,20050922,1600,71.8132,72.7581,71.7933,72.4100,2442400
MMM,20050923,1600,72.4187,72.5779,71.8616,72.1700,2181800
MMM,20050926,1600,72.7102,73.0285,72.5212,72.7400,2588900
MMM,20050927,1600,72.6110,72.9989,72.4120,72.7900,1991400
MMM,20050928,1600,73.1255,73.2548,71.8325,72.2900,3060100
MMM,20050929,1600,72.5015,72.9989,72.0937,72.7900,2824000
MMM,20050930,1600,72.7910,73.0894,72.6119,72.9700,1855800
MMM,20051003,1600,72.8762,73.2442,72.0704,72.1500,2140800
MMM,20051004,1600,72.1445,72.5126,71.0205,71.1200,2830800
MMM,20051005,1600,71.0287,71.5459,70.7701,70.7900,3615700
MMM,20051006,1600,70.9787,71.3865,70.1133,70.7300,3921100
MMM,20051007,1600,71.1312,71.6086,70.8924,71.3500,2306900
MMM,20051010,1600,71.6168,71.8157,70.8807,71.0100,1958900
MMM,20051011,1600,70.8763,70.9261,69.9810,70.1800,2861300
MMM,20051012,1600,69.9205,70.8754,69.7812,70.0100,3729600
MMM,20051013,1600,69.7398,70.5057,69.3419,69.7000,3405300
MMM,20051014,1600,69.9123,70.4097,69.7133,70.3500,2565900
MMM,20051017,1600,70.6377,72.3088,70.4089,72.0900,4737100
MMM,20051018,1600,72.9075,74.9864,72.6987,74.3100,7015700
MMM,20051019,1600,74.3249,75.2500,73.7480,75.2500,4182700
MMM,20051020,1600,75.2460,75.5444,74.1121,74.5000,3332200
MMM,20051021,1600,74.3507,75.2459,74.3209,74.4900,3111500
MMM,20051024,1600,74.9909,75.2396,74.5831,75.1600,2375400
MMM,20051025,1600,75.3496,75.8867,74.7329,75.2700,2938700
MMM,20051026,1600,75.1778,75.7746,74.7700,74.7700,2012200
MMM,20051027,1600,75.0167,75.4942,74.3603,74.4100,1929700
MMM,20051028,1600,74.8552,75.8400,74.4175,75.8400,2727000
MMM,20051031,1600,75.8386,76.0774,75.1423,75.5800,3530400
MMM,20051101,1600,75.0966,75.1065,74.1119,74.4600,3679400
MMM,20051102,1600,74.6804,75.0086,74.0040,74.7500,3676700
MMM,20051103,1600,74.8991,75.3269,74.2128,74.7400,2522500
MMM,20051104,1600,74.9488,75.4959,74.4813,74.7300,2476100
MMM,20051107,1600,75.2511,75.9374,74.9526,75.4500,1821300
MMM,20051108,1600,75.4505,75.9777,75.1024,75.5500,1895000
MMM,20051109,1600,75.6005,76.2670,75.4214,75.6900,2414900
MMM,20051110,1600,75.6858,76.8894,75.3575,76.7700,3005100
MMM,20051111,1600,77.0007,77.3389,76.8615,77.1400,2075500
MMM,20051114,1600,76.9415,77.4388,76.8221,77.2200,2305200
MMM,20051115,1600,77.1725,78.1673,77.0631,77.6500,2579200
MMM,20051116,1600,77.9821,78.2208,76.1121,76.5000,4949300
MMM,20051117,1600,76.8898,77.0390,76.1736,76.8500,3958500
MMM,20051118,1600,78.3369,78.3369,77.2427,77.7500,3700000
MMM,20051121,1600,77.9844,78.9592,77.6959,78.8100,2577200
MMM,20051122,1600,79.1000,79.3200,77.6500,78.2800,4084500
MMM,20051123,1600,78.0700,78.3800,77.7800,78.1300,2635000
MMM,20051125,1600,78.0700,78.3500,77.7500,78.3200,1165000
MMM,20051128,1600,78.4900,78.5500,77.9300,78.2000,2268000
MMM,20051129,1600,78.2100,78.7500,78.1700,78.3500,2498300
MMM,20051130,1600,78.3500,79.2000,78.2300,78.4800,2928400
MMM,20051201,1600,78.7700,79.8400,78.7400,79.2700,2796200
MMM,20051202,1600,79.0500,79.7400,78.9400,79.4000,1734400
MMM,20051205,1600,79.1000,79.7900,78.1400,78.3200,2861800
MMM,20051206,1600,78.4500,78.7000,77.5200,77.7000,3448600
MMM,20051207,1600,78.4000,78.9000,77.1000,77.3800,3821000
MMM,20051208,1600,77.8300,77.9900,76.8500,76.9400,2247000
MMM,20051209,1600,77.4600,78.0800,76.9100,77.8600,2526300
MMM,20051212,1600,77.8700,78.1600,76.7800,77.1100,1990800
MMM,20051213,1600,77.4000,77.8000,76.6800,76.9500,2458300
MMM,20051214,1600,76.8300,77.9100,76.8300,77.5500,2102600
MMM,20051215,1600,77.3700,77.9800,76.9700,77.4900,2910600
MMM,20051216,1600,77.9400,78.1800,76.9000,77.0900,4755800
MMM,20051219,1600,76.9000,77.7500,76.8500,77.5700,2731100
MMM,20051220,1600,77.3200,78.2600,77.3000,77.4300,2974100
MMM,20051221,1600,77.6300,78.2500,77.5600,78.0500,1919700
MMM,20051222,1600,78.4800,78.9400,77.7000,78.6400,2386500
MMM,20051223,1600,77.8900,78.9300,73.4700,78.6000,1095700
MMM,20051227,1600,78.6400,78.9900,77.3500,77.3800,1826700
MMM,20051228,1600,77.5900,78.4600,77.5400,78.2000,1615600
MMM,20051229,1600,78.3500,78.6700,78.1000,78.2900,1374000
MMM,20051230,1600,78.1100,78.3000,77.4500,77.5000,1728600
MMM,20060103,1600,77.7600,79.3500,77.2400,79.1100,3117200
MMM,20060104,1600,79.4900,79.4900,78.2500,78.7100,2558000
MMM,20060105,1600,78.4100,78.6500,77.5600,77.9900,2529500
MMM,20060106,1600,78.6400,78.9000,77.6400,78.6300,2479500
MMM,20060109,1600,78.5000,79.8300,78.4600,79.0200,1845600
MMM,20060110,1600,79.0000,79.0100,78.0800,78.5300,1919900
MMM,20060111,1600,78.4400,78.6600,77.8400,78.3700,1909900
MMM,20060112,1600,78.2000,78.2300,77.2000,77.7000,2121100
MMM,20060113,1600,76.9500,78.2000,76.9500,77.5000,1925300
MMM,20060117,1600,77.1000,77.6200,77.0000,77.0900,2073400
MMM,20060118,1600,77.0000,77.2800,76.5200,77.1800,1833600
MMM,20060119,1600,77.1900,77.3700,76.7000,76.9100,1807100
MMM,20060120,1600,76.9100,76.9100,75.1800,75.2400,3284500
MMM,20060123,1600,75.5000,76.2300,74.8100,75.7000,2953500
MMM,20060124,1600,74.0100,75.6000,73.7200,74.2000,5511200
MMM,20060125,1600,73.2500,73.8300,72.7500,73.0000,7475200
MMM,20060126,1600,73.2200,73.4300,72.0200,72.7000,5027500
