Ticker,Date,Time,Open,High,Low,Close,Vol
MRK,20030303,1600,49.0304,49.3704,47.9000,48.2400,4556400
MRK,20030304,1600,48.2020,48.2020,47.4300,47.4300,4993500
MRK,20030305,1600,47.1486,48.2313,47.0931,48.0000,6792800
MRK,20030306,1600,47.7746,48.5798,47.4507,48.0800,5404100
MRK,20030307,1600,47.2939,48.7747,47.2661,48.4600,5117000
MRK,20030310,1600,47.7031,48.0455,47.1757,47.3700,4495000
MRK,20030311,1600,46.9993,47.2584,46.1848,46.9900,5834800
MRK,20030312,1600,46.9865,47.4400,46.6163,47.4400,5812400
MRK,20030313,1600,47.4388,47.7905,46.8743,47.3000,7448000
MRK,20030314,1600,47.2969,48.0279,46.8249,47.0100,5901200
MRK,20030317,1600,47.0143,48.4488,46.7367,48.3100,6220600
MRK,20030318,1600,48.3296,49.3569,48.3111,49.0700,6700000
MRK,20030319,1600,49.3265,50.6499,49.3265,50.4000,5818600
MRK,20030320,1600,50.3995,50.9733,50.0571,50.8900,6271700
MRK,20030321,1600,51.2997,52.6139,51.2535,52.2900,7168600
MRK,20030324,1600,52.0516,52.0516,50.2190,50.5800,5705100
MRK,20030325,1600,50.5827,51.6839,50.3976,51.3600,6319700
MRK,20030326,1600,50.9005,51.2429,50.3267,50.4100,6284000
MRK,20030327,1600,50.2110,51.4143,50.1000,50.9700,4899100
MRK,20030328,1600,50.9609,51.5809,50.4242,51.2200,4238200
MRK,20030331,1600,50.4871,51.4312,50.1354,50.7000,5505100
MRK,20030401,1600,50.9972,51.6451,50.7011,51.4600,5072900
MRK,20030402,1600,51.4572,53.0027,51.4572,52.5400,5194200
MRK,20030403,1600,52.5408,52.5408,51.7819,51.9300,7531300
MRK,20030404,1600,51.9682,53.2177,51.9404,52.9400,5388400
MRK,20030407,1600,53.5802,54.0891,52.5160,52.5900,5540000
MRK,20030408,1600,52.5818,53.1185,52.2857,52.4800,4664200
MRK,20030409,1600,52.4810,52.8419,51.3612,51.5000,5153700
MRK,20030410,1600,51.5045,51.6063,50.5790,51.5600,5272700
MRK,20030411,1600,51.9008,52.4191,51.1882,51.2900,4388100
MRK,20030414,1600,51.2931,52.4778,51.2746,52.4500,3929200
MRK,20030415,1600,52.4309,52.8011,52.1532,52.6900,4517300
MRK,20030416,1600,52.8462,52.9295,51.8282,51.9300,5242000
MRK,20030417,1600,51.9236,52.1919,51.0445,51.7200,6183600
MRK,20030421,1600,52.0992,53.6261,52.0992,52.7100,6882500
MRK,20030422,1600,53.1673,54.8887,53.0933,54.5000,9873100
MRK,20030423,1600,54.6430,55.1150,53.5138,53.8100,10907200
MRK,20030424,1600,53.2745,54.4312,53.1634,53.9500,6425300
MRK,20030425,1600,53.8156,53.8804,52.0295,52.5200,6836900
MRK,20030428,1600,52.4310,53.2639,51.8756,52.9400,5385200
MRK,20030429,1600,52.8394,53.4502,52.4692,53.0800,4463800
MRK,20030430,1600,53.3033,54.3952,53.0812,53.8400,9532800
MRK,20030501,1600,53.8438,54.4176,52.9647,54.1400,4594700
MRK,20030502,1600,53.0816,54.8265,53.0816,54.4500,5490200
MRK,20030505,1600,54.2686,54.5899,53.6992,54.1400,3924100
MRK,20030506,1600,54.1451,54.2737,53.6400,54.0900,4822200
MRK,20030507,1600,54.0914,54.3210,53.4853,53.7700,5223000
MRK,20030508,1600,53.7806,53.8174,53.1929,53.4500,4048100
MRK,20030509,1600,53.6996,54.0118,53.3139,53.4700,4453900
MRK,20030512,1600,53.4729,54.2718,53.0413,54.1800,4814400
MRK,20030513,1600,54.0576,54.6177,53.9566,54.4800,4436000
MRK,20030514,1600,54.7316,54.9888,54.2725,54.7500,4949000
MRK,20030515,1600,54.7435,54.8904,54.2935,54.6700,4519400
MRK,20030516,1600,54.3880,54.7737,53.9931,54.5900,4216900
MRK,20030519,1600,53.9943,54.3616,51.0558,52.0200,13977500
MRK,20030520,1600,51.5194,51.6847,49.6827,50.5000,14232500
MRK,20030521,1600,50.4192,51.1539,49.9692,50.8600,11128100
MRK,20030522,1600,50.6427,51.4783,50.4131,51.0100,6398100
MRK,20030523,1600,51.1955,51.5720,50.6445,50.9200,4029900
MRK,20030527,1600,50.6747,51.9053,50.2798,51.7400,6850000
MRK,20030528,1600,51.5665,51.7410,50.8135,51.1900,7681800
MRK,20030529,1600,51.1900,51.7778,50.1890,50.2900,7368200
MRK,20030530,1600,50.4155,51.2420,50.4155,51.0400,6369600
MRK,20030602,1600,51.2443,51.7310,51.0882,51.1800,6319600
MRK,20030603,1600,51.4061,52.0122,51.1949,51.7000,5988200
MRK,20030604,1600,51.9208,52.7895,51.7082,52.5400,4895400
MRK,20030605,1600,52.4792,54.3000,52.2204,54.3000,7720100
MRK,20030606,1600,54.7371,55.6890,54.0625,54.5800,8405700
MRK,20030609,1600,54.4807,54.7118,53.5565,53.8800,3833100
MRK,20030610,1600,53.8629,54.1586,53.2344,54.0200,4163800
MRK,20030611,1600,54.1184,55.2274,54.1092,54.8300,5313400
MRK,20030612,1600,54.9856,55.2259,54.4310,54.8100,4860000
MRK,20030613,1600,54.8139,55.1282,54.1115,54.7400,5532800
MRK,20030616,1600,54.7390,56.6706,54.7206,56.1900,10925600
MRK,20030617,1600,56.5680,58.5919,56.4663,57.6400,11865200
MRK,20030618,1600,57.4703,58.6533,57.1468,58.4500,12820400
MRK,20030619,1600,58.4488,58.6891,57.3120,57.5800,6570800
MRK,20030620,1600,57.5747,58.4527,57.4823,58.1200,7463900
MRK,20030623,1600,57.7142,57.8991,56.8640,57.4000,5245000
MRK,20030624,1600,56.6082,57.8189,56.5897,57.4400,6154300
MRK,20030625,1600,57.2054,57.4919,56.4568,56.5400,4785100
MRK,20030626,1600,56.0339,57.4848,56.0061,57.3000,5147000
MRK,20030627,1600,56.2706,57.3797,56.0303,56.4000,4798300
MRK,20030630,1600,56.4683,56.8287,55.7290,55.9600,5532500
MRK,20030701,1600,55.9135,56.9394,55.1834,56.8100,6527200
MRK,20030702,1600,57.3265,57.7609,57.0400,57.0400,8023200
MRK,20030703,1600,56.5655,56.9814,55.9647,56.5100,4707400
MRK,20030707,1600,56.3774,57.6436,56.3774,57.2000,5735200
MRK,20030708,1600,57.0732,57.3782,56.7497,56.9900,4127300
MRK,20030709,1600,56.9888,57.5064,56.3048,56.7300,5516000
MRK,20030710,1600,56.7889,56.9552,56.0034,56.4100,4465300
MRK,20030711,1600,56.2810,56.8170,55.9667,56.7800,3916900
MRK,20030714,1600,56.8852,57.8925,56.7650,57.0700,5390700
MRK,20030715,1600,57.6698,57.9378,56.6532,57.1800,5539300
MRK,20030716,1600,57.2995,57.5768,56.7265,57.0500,4615100
MRK,20030717,1600,57.0555,57.5823,56.0757,56.3900,4187100
MRK,20030718,1600,56.7480,57.1177,56.0179,57.0900,4660200
MRK,20030721,1600,55.7337,55.8908,54.7909,55.2900,7984300
MRK,20030722,1600,54.9920,55.0844,52.9124,53.4300,11879600
MRK,20030723,1600,53.1396,53.7403,52.7699,53.5000,6080100
MRK,20030724,1600,53.7883,53.8160,52.5776,52.6700,5899700
MRK,20030725,1600,52.3559,53.1600,51.9770,53.1600,5511600
MRK,20030728,1600,53.1279,53.1464,51.9910,52.3700,6092800
MRK,20030729,1600,52.6594,52.7796,50.9220,51.1900,13120100
MRK,20030730,1600,51.3524,51.9440,50.9920,51.2600,6414500
MRK,20030731,1600,51.6168,52.3099,50.8589,51.0900,6922600
MRK,20030801,1600,50.8401,50.9141,49.4446,50.1100,7243900
MRK,20030804,1600,50.0023,50.2333,49.2167,50.0300,6493500
MRK,20030805,1600,50.0876,50.6329,49.3483,49.4500,7265300
MRK,20030806,1600,49.4538,50.5813,49.1673,50.1100,5718300
MRK,20030807,1600,50.2738,51.7986,50.1444,51.6600,8022200
MRK,20030808,1600,51.6665,51.7682,51.1489,51.3800,4567200
MRK,20030811,1600,51.3876,51.4523,50.3339,50.8700,5908500
MRK,20030812,1600,50.8529,50.9268,49.9841,50.4000,5861000
MRK,20030813,1600,49.9522,50.1371,49.0743,49.3700,7542700
MRK,20030814,1600,49.0874,49.3555,48.5513,49.3000,6587300
MRK,20030815,1600,49.3098,49.5317,48.6629,49.4300,3535600
MRK,20030818,1600,49.4955,49.7450,49.3568,49.4400,4995400
MRK,20030819,1600,49.4467,49.8626,48.7997,49.6500,5827900
MRK,20030820,1600,49.7086,51.1732,49.6988,50.8900,10221900
MRK,20030821,1600,51.0669,51.0669,49.8952,50.1100,8560300
MRK,20030822,1600,50.1935,50.2521,48.9728,49.0900,8858200
MRK,20030825,1600,48.9733,49.7350,48.9733,49.1100,5697400
MRK,20030826,1600,49.1298,49.3055,48.7099,49.1200,6653400
MRK,20030827,1600,48.8759,49.2372,48.8759,49.1200,5210800
MRK,20030828,1600,49.1271,49.1857,48.3166,48.5900,6741200
MRK,20030829,1600,48.7787,49.1888,48.6322,49.1400,5133500
MRK,20030902,1600,48.9716,50.0360,48.9716,49.8700,7605600
MRK,20030903,1600,50.1156,50.1549,49.3779,49.8500,6985900
MRK,20030904,1600,49.8585,50.1143,49.4552,49.7700,5634800
MRK,20030905,1600,49.7764,50.6616,49.5797,50.1600,5987900
MRK,20030908,1600,51.0023,52.0154,50.9334,51.7400,8614300
MRK,20030909,1600,51.4774,52.5396,51.4774,51.9200,7544500
MRK,20030910,1600,52.1216,53.4102,52.0823,52.8200,8375000
MRK,20030911,1600,53.0202,53.1087,52.4300,52.4300,4903400
MRK,20030912,1600,52.6003,52.6987,51.1742,52.6200,4300300
MRK,20030915,1600,52.6134,52.6528,52.2200,52.2200,3817600
MRK,20030916,1600,52.4772,52.9789,52.1329,52.9100,4597900
MRK,20030917,1600,52.8908,52.9204,52.1433,52.3400,4355600
MRK,20030918,1600,52.1903,52.8002,52.0625,52.2100,5403200
MRK,20030919,1600,52.2070,52.2660,51.3316,51.4300,6803100
MRK,20030922,1600,51.4353,51.4353,49.2909,50.5500,6375600
MRK,20030923,1600,50.6061,51.0290,50.3602,50.3700,5301800
MRK,20030924,1600,50.2134,50.5577,49.5249,49.8200,7679500
MRK,20030925,1600,49.8154,49.9432,49.3925,49.5400,5449700
MRK,20030926,1600,49.5278,50.3738,49.3114,50.0000,5626100
MRK,20030929,1600,49.8944,50.1993,49.3928,50.1600,5001400
MRK,20030930,1600,50.0162,50.1441,49.3179,49.7900,7192400
MRK,20031001,1600,49.9266,50.6544,49.8380,50.3200,8369500
MRK,20031002,1600,50.5337,50.5337,49.9436,50.1600,6046300
MRK,20031003,1600,50.1654,51.0999,49.2802,49.2900,10039200
MRK,20031006,1600,49.4297,49.6264,49.0460,49.4100,5306400
MRK,20031007,1600,49.4079,49.4275,48.8374,49.2800,6509200
MRK,20031008,1600,49.6321,49.6321,48.9830,49.1600,5148000
MRK,20031009,1600,49.5770,49.5770,48.0129,48.1900,10623700
MRK,20031010,1600,48.3454,48.8667,47.7651,48.6700,7549400
MRK,20031013,1600,48.6836,49.1361,48.6836,48.9000,4244500
MRK,20031014,1600,48.7424,48.9884,48.4473,48.8900,5055200
MRK,20031015,1600,48.8376,49.1228,48.0113,48.0900,7126100
MRK,20031016,1600,48.0047,48.4376,47.9064,48.2900,6378500
MRK,20031017,1600,48.2431,48.2923,47.7612,47.8300,5205300
MRK,20031020,1600,47.7569,48.1012,47.2946,47.5700,7329100
MRK,20031021,1600,47.4608,48.2871,47.4116,48.1100,7816100
MRK,20031022,1600,46.1306,46.1306,44.2913,44.9700,26376300
MRK,20031023,1600,44.7697,45.2024,44.1107,44.7500,17173000
MRK,20031024,1600,44.7584,44.7584,43.7747,44.0600,10117300
MRK,20031027,1600,44.2580,44.6514,44.0908,44.1400,7621300
MRK,20031028,1600,44.1898,44.6521,43.8063,44.1800,10113600
MRK,20031029,1600,44.1800,44.4357,43.8653,44.1800,8773800
MRK,20031030,1600,43.7512,44.6561,43.1610,43.2200,10782700
MRK,20031031,1600,43.3233,43.7069,43.2938,43.5200,10054700
MRK,20031103,1600,43.5272,44.0879,43.5272,43.9600,8408200
MRK,20031104,1600,43.8667,43.9650,42.9815,43.0700,11070100
MRK,20031105,1600,42.9654,43.5163,42.5425,42.6900,9748200
MRK,20031106,1600,42.4080,43.1359,42.2211,42.8900,10078500
MRK,20031107,1600,41.9116,43.5149,41.9116,43.2100,10731400
MRK,20031110,1600,43.2310,43.3294,42.5031,42.6900,8005200
MRK,20031111,1600,42.6975,43.2287,42.5500,43.1500,6144700
MRK,20031112,1600,42.0152,43.5200,42.0152,43.5200,20067300
MRK,20031113,1600,43.5155,45.5025,43.4369,45.0500,19651400
MRK,20031114,1600,45.5249,46.3807,45.4167,45.8200,13689100
MRK,20031117,1600,45.5364,45.8708,45.0938,45.3200,8634500
MRK,20031118,1600,45.3408,45.9703,45.2818,45.3900,7504600
MRK,20031119,1600,45.4392,45.6359,44.7605,45.3900,6018700
MRK,20031120,1600,45.2462,45.4233,44.2626,44.4200,6645400
MRK,20031121,1600,42.8479,43.0840,41.0675,41.5200,34017700
MRK,20031124,1600,41.6262,41.8230,41.2328,41.4000,18667700
MRK,20031125,1600,41.3203,41.3203,40.2679,40.7400,20840900
MRK,20031126,1600,40.8222,40.8222,40.2123,40.3500,14431700
MRK,20031128,1600,40.3037,40.3234,39.9005,39.9300,8915300
MRK,20031201,1600,40.5736,41.7048,40.4949,41.3900,17949400
MRK,20031202,1600,41.8492,42.0262,41.5738,41.8000,18048800
MRK,20031203,1600,43.0816,43.5777,43.0618,43.2900,18793100
MRK,20031204,1600,43.6346,43.7636,42.7020,42.9500,10378900
MRK,20031205,1600,43.1866,43.2163,42.5713,42.7400,6706800
MRK,20031208,1600,42.6744,43.8651,42.6447,43.2400,7935700
MRK,20031209,1600,43.5375,43.6367,42.9620,43.2200,8759000
MRK,20031210,1600,43.2269,43.2269,42.7208,42.8200,6545500
MRK,20031211,1600,42.7540,43.3691,42.7341,43.2600,8310400
MRK,20031212,1600,43.4291,43.5382,43.1810,43.3100,5500500
MRK,20031215,1600,43.8859,44.5507,43.2112,43.3600,7517900
MRK,20031216,1600,43.5915,43.9984,43.4725,43.7900,7840900
MRK,20031217,1600,43.8394,43.9088,43.4028,43.7600,7016300
MRK,20031218,1600,43.9027,44.3393,43.8531,44.2500,9306400
MRK,20031219,1600,44.3078,44.3772,43.7818,44.0200,9068900
MRK,20031222,1600,44.0188,44.0685,43.6616,43.8700,7465800
MRK,20031223,1600,44.0330,44.4200,43.8048,44.4200,7738300
MRK,20031224,1600,44.3618,44.8182,44.2626,44.5900,3372600
MRK,20031226,1600,44.5615,44.8095,44.5615,44.7500,1892100
MRK,20031229,1600,45.1515,45.3698,44.9133,45.3400,7943500
MRK,20031230,1600,45.3385,45.3782,45.0012,45.1500,6022600
MRK,20031231,1600,45.5423,45.9392,45.4630,45.8400,9106900
MRK,20040102,1600,48.5060,48.5060,46.3030,46.6900,11139900
MRK,20040105,1600,47.7292,47.7292,47.0049,47.6300,11923500
MRK,20040106,1600,47.6381,47.7175,47.1817,47.4000,7982900
MRK,20040107,1600,47.5890,47.5989,47.1524,47.4600,9785600
MRK,20040108,1600,47.5810,47.7100,47.1642,47.7100,7665000
MRK,20040109,1600,47.2263,47.3553,46.6509,46.7600,8805500
MRK,20040112,1600,45.9369,46.0361,45.1729,45.5400,13222900
MRK,20040113,1600,45.3398,45.7467,45.1513,45.3200,8497800
MRK,20040114,1600,45.3843,45.9300,45.2652,45.9300,6105300
MRK,20040115,1600,45.8875,45.9073,45.3517,45.5700,6438400
MRK,20040116,1600,45.7903,45.8895,45.5819,45.8300,6739100
MRK,20040120,1600,45.6398,46.1855,45.4414,45.6200,7201600
MRK,20040121,1600,45.7412,45.9892,45.6419,45.8900,8654100
MRK,20040122,1600,45.9881,46.1469,45.6111,45.7500,7495400
MRK,20040123,1600,45.7575,45.9758,45.3506,45.4300,7321900
MRK,20040126,1600,46.0859,47.0384,45.9966,46.8300,12052900
MRK,20040127,1600,47.3770,47.4266,46.8908,46.9900,9715000
MRK,20040128,1600,47.4308,47.9368,47.2323,47.5300,11209500
MRK,20040129,1600,47.5329,47.9894,47.0963,47.9100,7126600
MRK,20040130,1600,47.7063,47.7956,46.9323,47.2300,8243600
MRK,20040202,1600,47.5115,47.8389,46.9955,47.7000,7659100
MRK,20040203,1600,47.6438,48.1200,47.4354,48.1200,7246900
MRK,20040204,1600,48.2226,48.8180,48.1234,48.5600,11109100
MRK,20040205,1600,48.6081,48.9454,48.1020,48.3600,8516100
MRK,20040206,1600,48.3602,48.6677,48.0030,48.3800,5840400
MRK,20040209,1600,48.3259,48.4252,47.6710,47.8000,5515200
MRK,20040210,1600,47.8712,48.0696,47.8216,48.0200,5754600
MRK,20040211,1600,47.9920,48.3690,47.6546,48.2400,5610000
MRK,20040212,1600,48.2476,48.5652,47.7911,47.9400,5025700
MRK,20040213,1600,47.9444,48.6786,47.9344,48.5000,6462400
MRK,20040217,1600,48.4403,48.6189,48.2022,48.4800,5390700
MRK,20040218,1600,48.5710,48.8091,48.5512,48.7000,8527100
MRK,20040219,1600,48.6983,48.7777,48.4105,48.4800,8165700
MRK,20040220,1600,48.5751,48.5850,47.7614,47.9400,6083800
MRK,20040223,1600,48.0905,48.4180,47.9417,48.1600,5208000
MRK,20040224,1600,48.1597,48.2391,47.8620,48.1200,5462600
MRK,20040225,1600,48.1253,48.2841,47.3116,47.5200,8536500
MRK,20040226,1600,47.0815,47.4387,47.0616,47.2700,7135300
MRK,20040227,1600,47.6505,48.2558,47.4718,47.7100,7269800
MRK,20040301,1600,48.0402,48.2188,47.6731,48.0700,4998000
MRK,20040302,1600,48.0448,48.0547,47.1319,47.3800,9948500
MRK,20040303,1600,47.3000,47.4000,46.8100,47.1100,7155500
MRK,20040304,1600,47.7200,48.1000,47.6300,47.7800,6336200
MRK,20040305,1600,47.4500,48.2800,47.3400,48.1000,6050200
MRK,20040308,1600,48.2500,48.2500,47.6500,47.6700,4659700
MRK,20040309,1600,47.4500,47.5900,47.1500,47.2800,5937800
MRK,20040310,1600,47.0200,47.1400,46.0500,46.1500,9432300
MRK,20040311,1600,45.7500,46.9500,44.8100,44.9900,8946100
MRK,20040312,1600,45.0700,45.2900,44.9400,45.1500,6612200
MRK,20040315,1600,45.3500,45.4000,44.7900,44.8500,6891900
MRK,20040316,1600,45.2200,45.2300,44.8600,45.1100,6383400
MRK,20040317,1600,45.3000,45.3800,44.1000,44.3900,11410800
MRK,20040318,1600,44.3500,44.7500,44.0700,44.5700,7631400
MRK,20040319,1600,44.5800,44.7800,43.7600,43.7700,7928300
MRK,20040322,1600,43.7200,44.1500,43.3800,43.5800,9671800
MRK,20040323,1600,43.7000,44.1700,43.6700,43.9500,5927600
MRK,20040324,1600,43.9000,44.1200,42.8500,43.0100,8432300
MRK,20040325,1600,43.3500,43.9800,43.1000,43.6900,7760300
MRK,20040326,1600,43.7500,44.4600,43.6800,44.0000,5602800
MRK,20040329,1600,44.3000,44.6700,43.9500,44.5700,5437100
MRK,20040330,1600,44.4800,44.5500,43.8000,44.1000,7369100
MRK,20040331,1600,44.2000,44.4900,43.9500,44.1900,9626100
MRK,20040401,1600,44.5500,45.2500,44.4500,44.7900,5782900
MRK,20040402,1600,45.6000,45.7500,44.5900,45.0600,7284600
MRK,20040405,1600,45.4000,45.4200,44.3800,45.2900,4673300
MRK,20040406,1600,45.0000,45.1500,44.9200,45.1500,5235700
MRK,20040407,1600,45.1500,45.2500,44.7600,44.8400,4902900
MRK,20040408,1600,45.0900,45.2000,44.2800,44.6300,6052600
MRK,20040412,1600,44.6300,45.0000,44.4000,44.8900,5204300
MRK,20040413,1600,44.9300,45.1000,44.3800,44.5800,6081600
MRK,20040414,1600,44.4000,45.5000,44.3000,45.4400,8779500
MRK,20040415,1600,45.6500,47.1500,45.6500,46.9800,12625800
MRK,20040416,1600,47.2500,47.3800,46.7200,47.0800,7648300
MRK,20040419,1600,46.9000,47.0600,46.5100,46.9400,5519200
MRK,20040420,1600,46.9400,46.9400,46.2000,46.2100,4492400
MRK,20040421,1600,46.1000,47.2400,46.0500,46.5000,5814700
MRK,20040422,1600,46.2500,47.1500,45.7900,46.7400,7126800
MRK,20040423,1600,47.1500,47.1500,46.3900,46.7600,3828900
MRK,20040426,1600,46.8000,46.9800,46.6200,46.6400,3642200
MRK,20040427,1600,46.9000,47.6000,46.8600,47.2500,5857700
MRK,20040428,1600,47.2500,47.5000,47.0000,47.4400,5912100
MRK,20040429,1600,47.3500,47.4000,46.8600,46.9800,5544900
MRK,20040430,1600,47.0000,47.5000,46.9600,47.0000,4629500
MRK,20040503,1600,47.0100,47.7600,47.0100,47.7000,5517600
MRK,20040504,1600,47.8500,47.9600,47.5100,47.8500,5407400
MRK,20040505,1600,47.8000,48.1300,47.6500,47.8100,4678600
MRK,20040506,1600,47.8000,48.3800,47.6800,48.1100,5719500
MRK,20040507,1600,48.1200,48.4100,47.7000,47.7100,6637700
MRK,20040510,1600,47.0500,47.5400,46.1600,46.7100,8775200
MRK,20040511,1600,46.7000,46.7400,45.9900,46.4000,6390500
MRK,20040512,1600,46.0500,47.0000,45.8600,46.8500,4916200
MRK,20040513,1600,46.4000,46.7800,46.0600,46.1100,3587400
MRK,20040514,1600,46.0000,46.9400,46.0000,46.4500,4452000
MRK,20040517,1600,46.0000,46.8900,46.0000,46.6400,4657100
MRK,20040518,1600,46.7500,47.0000,46.6400,46.8500,3806400
MRK,20040519,1600,46.9500,47.0600,46.3000,46.4400,4517300
MRK,20040520,1600,46.3800,46.7300,46.2000,46.5000,5244000
MRK,20040521,1600,46.7000,46.8600,46.3800,46.5900,3539600
MRK,20040524,1600,46.6100,46.7200,45.8300,46.2500,3655000
MRK,20040525,1600,46.0300,46.9200,46.0000,46.8300,3903000
MRK,20040526,1600,46.7500,47.0700,46.5900,46.9200,5477700
MRK,20040527,1600,47.0000,47.5000,46.7500,47.4300,5141800
MRK,20040528,1600,47.3500,47.7500,47.2300,47.3000,4753800
MRK,20040601,1600,47.4000,48.4000,47.2500,48.3600,7709100
MRK,20040602,1600,47.9900,48.2100,47.5900,47.8300,4784400
MRK,20040603,1600,47.6000,48.2600,47.5700,47.9800,4993800
MRK,20040604,1600,48.1000,48.4000,48.0300,48.2000,4568100
MRK,20040607,1600,48.2500,48.5100,47.8700,48.0500,4443000
MRK,20040608,1600,47.8000,48.4300,47.8000,48.3700,4828700
MRK,20040609,1600,48.1000,48.3800,47.8200,47.8500,3778500
MRK,20040610,1600,47.6100,47.8000,47.2600,47.7800,4193800
MRK,20040614,1600,47.5300,47.6200,46.8800,46.9000,6583800
MRK,20040615,1600,47.3500,48.1300,47.2000,47.9500,7511300
MRK,20040616,1600,48.2000,48.4700,48.0800,48.3800,2876900
MRK,20040617,1600,48.1200,48.4800,47.9200,48.3200,4139000
MRK,20040618,1600,48.3300,48.7800,48.2300,48.3600,8244400
MRK,20040621,1600,48.1000,48.5000,47.9200,47.9500,4145500
MRK,20040622,1600,47.7000,47.9300,47.4000,47.5900,5173400
MRK,20040623,1600,47.4600,47.9000,47.1500,47.8100,5957100
MRK,20040624,1600,47.8400,48.4200,47.6100,47.9100,3331700
MRK,20040625,1600,47.9200,48.0000,47.0000,47.0000,7145700
MRK,20040628,1600,47.3000,47.3800,46.9900,47.1400,4733100
MRK,20040629,1600,47.1300,47.7400,47.0500,47.3500,3867200
MRK,20040630,1600,47.5000,47.7000,46.9100,47.5000,5895700
MRK,20040701,1600,47.6500,47.7300,46.5100,47.0500,6787400
MRK,20040702,1600,47.3000,47.3600,46.8200,46.8600,3222800
MRK,20040706,1600,46.8600,47.0500,46.5600,46.6000,4113600
MRK,20040707,1600,46.5100,46.6800,46.0900,46.3100,4728200
MRK,20040708,1600,45.8500,46.7800,45.8500,45.9200,5915500
MRK,20040709,1600,46.0500,46.2700,45.7400,45.8600,4117400
MRK,20040712,1600,45.8600,45.9500,45.3032,45.6700,4445400
MRK,20040713,1600,45.6900,45.7500,45.3500,45.5500,3645300
MRK,20040714,1600,45.5500,46.1000,45.5500,45.6800,5143900
MRK,20040715,1600,45.6200,45.8900,44.7000,44.7100,5477300
MRK,20040716,1600,44.9500,45.0000,44.2500,44.8000,6519100
MRK,20040719,1600,44.8000,44.9400,44.3000,44.4500,5491900
MRK,20040720,1600,44.5000,44.9800,44.3200,44.8000,6646800
MRK,20040721,1600,45.2500,45.8000,44.5900,44.5900,7508500
MRK,20040722,1600,44.7900,45.5500,44.7000,45.3600,7363700
MRK,20040723,1600,45.3000,45.5900,44.6400,45.1600,5503700
MRK,20040726,1600,45.1600,45.4000,44.5200,45.0000,6180700
MRK,20040727,1600,45.0400,45.0600,44.5800,45.0400,5201300
MRK,20040728,1600,45.1000,45.1200,44.3800,45.0200,5556000
MRK,20040729,1600,45.0300,45.8000,44.7700,45.4000,5305300
MRK,20040730,1600,45.1500,45.7000,44.9200,45.3500,4036500
MRK,20040802,1600,45.3000,45.7000,45.1100,45.4700,4476000
MRK,20040803,1600,45.2200,45.4300,44.8500,44.8700,5227800
MRK,20040804,1600,44.9200,45.1700,44.6500,44.8200,2294000
MRK,20040805,1600,44.7900,44.9500,44.2500,44.4300,4491500
MRK,20040806,1600,44.0000,44.2000,43.4600,43.6000,6102200
MRK,20040809,1600,43.7500,44.4500,43.5800,44.0700,4591700
MRK,20040810,1600,44.3000,44.3100,43.9200,44.0700,507400
MRK,20040811,1600,44.6500,45.0900,44.5800,45.0000,5047100
MRK,20040812,1600,44.8000,45.1700,44.6000,44.7900,4301100
MRK,20040813,1600,44.7500,44.9500,44.3400,44.5900,2904400
MRK,20040816,1600,44.4000,45.1500,44.4000,45.0700,3575900
MRK,20040817,1600,45.0000,45.0500,44.6800,44.9700,5145700
MRK,20040818,1600,44.6500,45.8100,44.6500,45.8100,5267800
MRK,20040819,1600,45.5600,45.7600,45.1100,45.4200,3745700
MRK,20040820,1600,45.2800,46.4300,45.2800,46.0800,5628800
MRK,20040823,1600,46.9500,47.0000,46.1700,46.2200,3708800
MRK,20040824,1600,46.4200,46.6600,46.1800,46.3500,3541100
MRK,20040825,1600,46.3500,46.8500,45.2900,46.0200,7407200
MRK,20040826,1600,45.4500,45.5000,44.7100,45.0500,9208300
MRK,20040827,1600,45.0500,45.2800,44.9800,45.1500,5627100
MRK,20040830,1600,44.8500,45.6800,44.8500,44.9300,4806400
MRK,20040831,1600,44.9000,45.2200,44.5100,44.9700,5512800
MRK,20040901,1600,44.5900,44.6900,44.1200,44.4800,2096600
MRK,20040902,1600,44.6500,45.3100,44.4000,45.1200,4695600
MRK,20040903,1600,45.2800,45.7000,45.2200,45.4800,4549200
MRK,20040907,1600,45.6500,45.9200,45.3500,45.7800,5019700
MRK,20040908,1600,45.6500,45.9900,45.6000,45.7000,3251200
MRK,20040909,1600,45.6400,45.6400,45.1700,45.2600,4632200
MRK,20040910,1600,45.0100,45.9600,45.0000,45.7700,4956900
MRK,20040913,1600,45.4900,45.5000,45.0500,45.4500,8057800
MRK,20040914,1600,45.4500,45.8700,45.1200,45.5500,5375800
MRK,20040915,1600,45.7300,45.8000,45.2000,45.5200,1748500
MRK,20040916,1600,45.4000,45.5000,45.0300,45.1800,3750900
MRK,20040917,1600,45.4000,45.4200,44.9500,44.9700,6944800
MRK,20040920,1600,44.8500,45.0300,44.4100,44.6700,6891400
MRK,20040921,1600,44.6800,45.0900,44.5800,44.8400,5486200
MRK,20040922,1600,44.6000,44.8900,44.5000,44.7500,5424800
MRK,20040923,1600,44.7500,45.0700,44.2000,44.2700,4936100
MRK,20040924,1600,44.2500,44.3700,44.0400,44.1000,4859600
MRK,20040927,1600,43.0400,44.8400,43.0400,44.4600,7707500
MRK,20040928,1600,44.6800,45.3400,44.5000,44.9200,5832000
MRK,20040929,1600,44.7800,45.0700,44.6400,45.0700,4889500
MRK,20040930,1600,33.4000,34.0200,32.4600,33.0000,145015504
MRK,20041001,1600,33.6900,33.9700,33.2000,33.3100,57510000
MRK,20041004,1600,34.2700,34.3200,33.7300,34.2300,35394700
MRK,20041005,1600,34.2400,34.2500,33.4300,33.4300,27476700
MRK,20041006,1600,33.1200,33.1600,31.6600,31.6700,48441900
MRK,20041007,1600,31.1500,31.2500,30.1800,30.9800,51443700
MRK,20041008,1600,30.8000,31.1200,30.3400,30.3400,22404400
MRK,20041011,1600,30.3400,31.1400,29.7500,30.7400,24169300
MRK,20041012,1600,30.5300,31.0000,30.2900,30.8500,17180200
MRK,20041013,1600,31.1800,31.2000,29.9300,30.0700,23976700
MRK,20041014,1600,30.3000,30.5500,30.1400,30.1900,13876800
MRK,20041015,1600,30.1000,30.7500,30.1000,30.5000,14196100
MRK,20041018,1600,30.3000,31.0100,30.3000,30.9000,12697000
MRK,20041019,1600,31.1000,31.3000,31.0300,31.2300,6628600
MRK,20041020,1600,31.1600,31.4000,31.1000,31.3500,9428100
MRK,20041021,1600,31.2700,31.5000,30.7100,31.2600,10243600
MRK,20041022,1600,31.1000,31.2500,30.5000,30.5600,13515300
MRK,20041025,1600,30.5600,30.6300,30.2000,30.4900,10971700
MRK,20041026,1600,30.4800,30.6600,30.2300,30.6600,12623300
MRK,20041027,1600,30.5500,31.2400,30.5100,31.2200,11928500
MRK,20041028,1600,31.1500,31.6700,31.1200,31.5400,6941900
MRK,20041029,1600,31.5100,32.0400,31.0500,31.3100,16951800
MRK,20041101,1600,29.3400,29.8000,27.9900,28.2800,66606200
MRK,20041102,1600,28.2400,28.5500,26.4000,26.8000,64186200
MRK,20041103,1600,27.6000,27.9000,26.9000,27.8700,49516700
MRK,20041104,1600,27.9400,28.2500,26.8800,27.0200,34397000
MRK,20041105,1600,26.6800,26.9000,25.9900,26.2100,50703800
MRK,20041108,1600,26.0800,26.5800,25.7400,26.5700,39145600
MRK,20041109,1600,25.8300,26.1900,25.7400,25.9700,32361400
MRK,20041110,1600,24.0200,25.2116,24.0200,24.7800,33983300
MRK,20041111,1600,24.9154,24.9623,24.5118,24.5400,19387000
MRK,20041112,1600,24.5854,25.0264,24.5854,24.8200,18561300
MRK,20041115,1600,24.8195,25.6546,24.7725,25.4200,24109500
MRK,20041116,1600,25.5741,26.0434,25.5366,25.7900,20027900
MRK,20041117,1600,25.9510,26.0917,25.6225,25.6600,13938200
MRK,20041118,1600,25.5856,25.8014,25.2196,25.6700,14161700
MRK,20041119,1600,25.5251,25.7597,25.3374,25.4500,13858600
MRK,20041122,1600,25.4506,25.7134,25.3286,25.4600,13002400
MRK,20041123,1600,25.4606,25.5357,25.3292,25.4700,11548000
MRK,20041124,1600,25.5681,25.7089,25.4368,25.5400,11528000
MRK,20041126,1600,25.6710,26.0557,25.6616,25.9900,7337100
MRK,20041129,1600,26.2046,26.3736,25.9512,25.9700,13231600
MRK,20041130,1600,25.9522,26.3932,25.9522,26.2900,16177900
MRK,20041201,1600,26.4937,26.5222,25.9895,26.3700,15687100
MRK,20041202,1600,26.3823,27.2766,26.2110,27.2100,20478800
MRK,20041203,1600,27.2039,27.4988,27.0137,27.2800,16325900
MRK,20041206,1600,27.1876,27.2542,26.7405,26.7500,14032100
MRK,20041207,1600,26.7773,26.8724,26.5015,26.5300,13288500
MRK,20041208,1600,26.8715,27.3185,26.8239,27.2900,20305200
MRK,20041209,1600,27.2919,27.4442,27.1017,27.3300,12445700
MRK,20041210,1600,27.5968,27.8252,26.9405,27.3400,8963600
MRK,20041213,1600,27.3447,27.6395,27.3352,27.6300,12061000
MRK,20041214,1600,27.6377,28.1990,27.6377,28.1800,16938300
MRK,20041215,1600,28.4957,29.0381,28.3911,29.0000,31326500
MRK,20041216,1600,29.0605,30.2876,29.0319,30.2400,30835600
MRK,20041217,1600,29.3366,30.2403,28.8895,30.0500,38190200
MRK,20041220,1600,29.7417,30.1412,29.7322,29.9700,18155000
MRK,20041221,1600,29.8207,30.4200,29.8112,30.4200,18477000
MRK,20041222,1600,30.4407,30.8117,30.4217,30.6500,13906700
MRK,20041223,1600,30.8156,31.0725,30.6253,30.7300,12040900
MRK,20041227,1600,30.7229,30.9131,29.8573,30.3900,9690900
MRK,20041228,1600,30.4302,30.7251,30.4112,30.6300,8421500
MRK,20041229,1600,30.6795,30.8412,30.4417,30.6700,7238300
MRK,20041230,1600,30.7071,30.7832,30.5739,30.6500,6907300
MRK,20041231,1600,30.6556,30.8078,30.5700,30.5700,6131400
MRK,20050103,1600,30.4345,30.6628,29.4736,29.7400,17972700
MRK,20050104,1600,29.9334,30.0571,29.4959,29.6100,12954000
MRK,20050105,1600,29.6103,30.1049,29.5342,29.8100,15829400
MRK,20050106,1600,29.9629,30.1912,29.8107,30.0200,7193500
MRK,20050107,1600,29.9810,30.0571,29.6005,29.6100,10313700
MRK,20050110,1600,29.6180,29.9700,29.2279,29.9700,8131600
MRK,20050111,1600,29.9449,29.9449,29.5644,29.6500,7535200
MRK,20050112,1600,29.7317,29.8269,29.4558,29.5700,9950500
MRK,20050113,1600,29.4930,29.5406,29.0173,29.1600,7983500
MRK,20050114,1600,28.9228,29.4271,28.9228,29.3700,7168800
MRK,20050118,1600,29.3709,29.8847,29.1901,29.7800,8084300
MRK,20050119,1600,29.7669,29.9666,29.4719,29.5100,8000100
MRK,20050120,1600,29.6771,29.6866,29.1444,29.2300,7782700
MRK,20050121,1600,29.2605,29.2890,28.7373,28.8800,7155400
MRK,20050124,1600,29.0184,29.1611,28.4000,28.4000,10357000
MRK,20050125,1600,28.7742,29.6968,28.5363,29.4400,12313900
MRK,20050126,1600,29.4883,29.8117,29.4883,29.6500,7212500
MRK,20050127,1600,29.6029,29.7551,29.3175,29.6600,7219800
MRK,20050128,1600,29.7982,29.7982,26.1364,26.6500,57156300
MRK,20050131,1600,26.6515,26.8037,26.2710,26.6800,29863400
MRK,20050201,1600,26.6888,26.9075,26.4224,26.4700,16984100
MRK,20050202,1600,26.5659,27.2507,26.4993,27.0700,13754500
MRK,20050203,1600,27.0681,27.2488,26.6685,27.0300,13117600
MRK,20050204,1600,27.0271,27.0842,26.8463,26.9700,8800700
MRK,20050207,1600,26.8212,27.4395,26.7737,27.0400,10140800
MRK,20050208,1600,26.9338,27.4381,26.8863,27.4000,8983600
MRK,20050209,1600,27.3951,27.8041,27.2144,27.3000,9403400
MRK,20050210,1600,27.3981,27.5408,27.1127,27.3600,6534300
MRK,20050211,1600,27.3524,27.9137,27.2953,27.7900,8711000
MRK,20050214,1600,27.6946,28.0181,27.6090,27.9800,6681200
MRK,20050215,1600,27.8534,28.2625,27.7202,27.9200,7737300
MRK,20050216,1600,27.6861,27.7622,27.3721,27.6100,8376600
MRK,20050217,1600,27.6017,27.6778,27.0976,27.4400,8118000
MRK,20050218,1600,28.0426,31.0200,28.0426,31.0200,58730300
MRK,20050222,1600,31.0123,31.0123,29.6615,29.6900,35930900
MRK,20050223,1600,30.0007,30.4383,29.7534,30.2100,12335400
MRK,20050224,1600,30.2493,30.4585,30.0115,30.4300,7522200
MRK,20050225,1600,30.2549,30.5974,29.9885,30.3500,8274600
MRK,20050228,1600,30.3503,30.4645,29.8460,30.1600,14488400
MRK,20050301,1600,30.4934,30.6171,30.2747,30.5600,9345900
MRK,20050302,1600,30.6607,30.7184,30.1312,30.4200,9358600
MRK,20050303,1600,30.4770,30.5251,29.9379,30.4000,7179800
MRK,20050304,1600,30.5096,30.5963,30.0379,30.5000,7322900
MRK,20050307,1600,30.5681,30.6066,30.3852,30.5200,7663400
MRK,20050308,1600,30.5693,30.7522,30.4826,30.5500,6709600
MRK,20050309,1600,30.5534,30.7555,30.3801,30.6400,7384400
MRK,20050310,1600,30.7963,31.0755,30.6808,30.9600,7789400
MRK,20050311,1600,31.0755,31.1237,30.8252,30.9600,6125600
MRK,20050314,1600,30.9837,31.1763,30.8009,31.0800,5539000
MRK,20050315,1600,31.2914,31.2914,30.7619,30.8100,6295200
MRK,20050316,1600,30.8088,30.9436,30.3467,30.5200,7575900
MRK,20050317,1600,30.4533,30.6267,30.3474,30.5400,6605000
MRK,20050318,1600,30.6571,30.8400,30.2432,30.8400,11280400
MRK,20050321,1600,30.8522,30.8522,30.5826,30.6500,6743400
MRK,20050322,1600,30.8093,30.8959,30.5204,30.7900,8181600
MRK,20050323,1600,30.7541,31.1488,30.7060,30.8600,8962700
MRK,20050324,1600,30.8918,30.9399,30.6126,30.6800,5628600
MRK,20050328,1600,30.8780,30.8876,30.5122,30.5700,6061200
MRK,20050329,1600,30.5889,30.9741,30.5793,30.8200,7657700
MRK,20050330,1600,30.9508,31.2493,30.8160,31.2300,7754600
MRK,20050331,1600,31.1985,31.3814,30.9578,31.1600,8012900
MRK,20050401,1600,31.4465,31.4561,31.0230,31.1000,6922500
MRK,20050404,1600,31.1745,31.3285,30.8664,31.2900,8573200
MRK,20050405,1600,31.4730,31.9159,31.3864,31.8100,10618100
MRK,20050406,1600,31.9969,32.1798,31.5349,31.6600,7760900
MRK,20050407,1600,31.1907,32.2593,30.7864,32.2400,20244500
MRK,20050408,1600,32.4462,32.4847,31.9456,32.0900,7271500
MRK,20050411,1600,32.1984,32.3332,31.8134,31.9000,4930800
MRK,20050412,1600,31.8183,32.5596,31.7220,32.5500,7908000
MRK,20050413,1600,32.5465,33.9809,32.2674,33.2300,25685600
MRK,20050414,1600,33.3067,33.6629,33.2393,33.4800,14166500
MRK,20050415,1600,33.9236,34.9055,33.4615,33.5000,19490900
MRK,20050418,1600,33.4480,33.4480,32.7261,33.1400,10407000
MRK,20050419,1600,33.3611,33.5344,32.8605,33.3900,8203800
MRK,20050420,1600,33.1177,33.2717,32.3475,32.8000,8629800
MRK,20050421,1600,33.6642,33.6739,32.6823,33.0000,9455100
MRK,20050422,1600,32.9970,33.1125,32.6601,32.9200,7137500
MRK,20050425,1600,32.8040,32.8136,32.2650,32.6500,7912500
MRK,20050426,1600,32.6292,32.7159,32.1574,32.3500,7348800
MRK,20050427,1600,32.3555,32.5866,32.1149,32.2400,7091700
MRK,20050428,1600,32.2027,32.5781,32.0390,32.5300,6113300
MRK,20050429,1600,32.4375,32.8706,32.2546,32.6300,7928400
MRK,20050502,1600,32.7974,32.8551,32.4412,32.7300,5647000
MRK,20050503,1600,32.8800,33.1496,32.7356,33.1400,7169500
MRK,20050504,1600,33.0523,33.6493,33.0331,33.6300,6974300
MRK,20050505,1600,33.6233,33.7388,33.0650,33.4500,8119900
MRK,20050506,1600,33.5441,33.8810,32.7356,32.8800,7254600
MRK,20050509,1600,32.7467,32.9585,32.5253,32.9200,7019600
MRK,20050510,1600,32.8318,32.8607,32.3986,32.6200,6238800
MRK,20050511,1600,32.6158,32.6736,32.1537,32.2500,6516800
MRK,20050512,1600,32.2934,32.5340,32.1490,32.3800,5638100
MRK,20050513,1600,32.4892,32.4892,32.0656,32.2100,7537100
MRK,20050516,1600,32.3155,32.3348,32.0556,32.2000,6159300
MRK,20050517,1600,31.7704,31.8474,31.3756,31.7800,12347200
MRK,20050518,1600,31.9895,31.9992,31.4216,31.7200,10863600
MRK,20050519,1600,31.5315,31.6374,31.3389,31.5700,6232300
MRK,20050520,1600,31.6599,31.7177,31.4000,31.4000,9018000
MRK,20050523,1600,31.2849,31.7277,31.2656,31.4100,5842800
MRK,20050524,1600,31.6355,32.0110,31.5200,31.5200,7886700
MRK,20050525,1600,31.5322,31.6574,31.2530,31.3300,6720100
MRK,20050526,1600,31.4673,31.4673,31.0149,31.1400,8386400
MRK,20050527,1600,31.1919,31.3652,31.1052,31.2400,5104100
MRK,20050531,1600,31.2396,31.3359,31.0760,31.2300,13455700
MRK,20050601,1600,31.3697,31.5646,31.0872,31.3600,7830000
MRK,20050602,1600,31.3316,31.4095,31.1660,31.3900,5178100
MRK,20050603,1600,31.3964,31.3964,31.0749,31.2600,5680100
MRK,20050606,1600,31.2292,31.2779,31.0831,31.2000,4536000
MRK,20050607,1600,31.2110,31.5520,31.1428,31.2500,5339500
MRK,20050608,1600,31.3360,31.3360,30.7613,30.8100,7679400
MRK,20050609,1600,30.6861,30.8128,30.4426,30.5400,7439600
MRK,20050610,1600,30.4923,30.6774,30.2780,30.5800,7484200
MRK,20050613,1600,30.2138,30.8469,30.2040,30.7300,6176800
MRK,20050614,1600,30.7359,31.0282,30.6483,30.9600,5050600
MRK,20050615,1600,30.9142,31.1674,30.7096,31.0700,6849300
MRK,20050616,1600,31.1700,31.3356,31.0629,31.1700,5867800
MRK,20050617,1600,31.6527,31.6527,31.0391,31.3800,11040800
MRK,20050620,1600,31.1728,31.4553,31.0949,31.2800,5925300
MRK,20050621,1600,31.3646,31.4425,31.0529,31.1600,5628000
MRK,20050622,1600,31.4033,31.4033,31.0818,31.1500,6514700
MRK,20050623,1600,31.0829,31.0829,30.4108,30.4400,9680100
MRK,20050624,1600,30.3250,30.4127,29.6626,29.7600,10039000
MRK,20050627,1600,29.6126,30.0802,29.6126,29.7100,7233700
MRK,20050628,1600,29.9849,30.3161,29.8096,30.1700,7471900
MRK,20050629,1600,30.1956,30.2346,29.9034,30.0300,6737900
MRK,20050630,1600,30.5844,30.5844,29.8052,30.0000,8482400
MRK,20050701,1600,29.9968,30.5324,29.9968,30.2500,8028700
MRK,20050705,1600,30.2997,30.3874,29.8615,30.2900,5827000
MRK,20050706,1600,30.4422,30.4616,29.7116,29.7700,6007800
MRK,20050707,1600,29.5117,29.8720,29.1221,29.2000,12336600
MRK,20050708,1600,29.2745,30.2390,29.2745,30.2000,11344100
MRK,20050711,1600,29.9040,30.4592,29.8261,30.4300,8063900
MRK,20050712,1600,30.2638,30.8774,30.2151,30.7800,10498500
MRK,20050713,1600,30.9266,30.9266,30.5954,30.8000,6140400
MRK,20050714,1600,30.9242,31.1871,30.8365,31.0800,6778100
MRK,20050715,1600,31.0897,31.4599,30.9436,31.0800,6831800
MRK,20050718,1600,31.0792,31.4980,30.9429,31.0500,6228700
MRK,20050719,1600,31.0908,31.2661,30.7109,31.1200,5856100
MRK,20050720,1600,31.0005,31.2927,30.6304,31.0200,6462300
MRK,20050721,1600,30.6382,30.8623,30.0245,30.5700,9192900
MRK,20050722,1600,30.5638,30.5638,30.0768,30.3300,6030000
MRK,20050725,1600,30.2419,30.2809,29.8231,29.9400,7030700
MRK,20050726,1600,29.9777,30.3088,29.8121,29.8900,6182900
MRK,20050727,1600,29.8353,30.5853,29.8256,30.4100,6014000
MRK,20050728,1600,30.6164,30.8696,30.4216,30.4800,6041300
MRK,20050729,1600,30.2110,30.5227,30.1526,30.2500,6452600
MRK,20050801,1600,30.4254,30.4254,29.8021,29.8800,6993000
MRK,20050802,1600,29.8608,29.9777,29.5589,29.8900,6986800
MRK,20050803,1600,29.8934,30.1271,29.7180,30.0200,5873100
MRK,20050804,1600,29.8519,29.9785,29.5305,29.5500,6023100
MRK,20050805,1600,29.6070,30.1233,29.5777,29.8700,9463300
MRK,20050808,1600,30.0496,30.0496,29.6016,29.6600,5318400
MRK,20050809,1600,29.8975,30.1995,29.7903,30.1800,7298400
MRK,20050810,1600,30.3697,30.6425,30.2236,30.3600,6434000
MRK,20050811,1600,30.3677,30.5917,30.1047,30.2800,5456700
MRK,20050812,1600,30.2081,30.2471,29.6918,29.7600,6988100
MRK,20050815,1600,29.8115,29.9869,29.6459,29.8700,5205400
MRK,20050816,1600,29.8996,29.9483,29.5100,29.5100,6281000
MRK,20050817,1600,29.5167,29.8577,29.5167,29.7700,6823200
MRK,20050818,1600,29.6784,29.9414,29.5616,29.6200,8037300
MRK,20050819,1600,29.5994,29.7942,27.0281,27.3300,38425600
MRK,20050822,1600,26.7414,27.2674,26.4491,27.1700,46900700
MRK,20050823,1600,27.0649,27.1623,26.8115,26.8700,15903200
MRK,20050824,1600,26.8372,27.3535,26.8372,27.1100,14933400
MRK,20050825,1600,27.1279,27.1961,26.9721,27.0500,7985900
MRK,20050826,1600,26.9984,27.0666,26.8036,26.9400,8177200
MRK,20050829,1600,26.7666,27.5653,26.7471,27.3900,11336100
MRK,20050830,1600,27.3846,27.5600,27.2775,27.5600,10365200
MRK,20050831,1600,27.6429,27.9589,27.4554,27.8700,13077300
MRK,20050901,1600,27.9611,28.1784,27.8723,28.0500,9048900
MRK,20050902,1600,28.3021,28.6280,28.1342,28.4700,11014300
MRK,20050906,1600,28.4719,28.7089,28.3831,28.6200,12083300
MRK,20050907,1600,28.5048,28.8899,28.4949,28.8800,10157700
MRK,20050908,1600,29.0570,29.0866,28.6423,28.8200,6662800
MRK,20050909,1600,28.6438,28.9597,28.4167,28.9400,8753400
MRK,20050912,1600,28.7703,28.8690,28.4247,28.7900,5707000
MRK,20050913,1600,28.4482,28.7149,28.2903,28.3100,10212800
MRK,20050914,1600,28.4387,28.6856,28.2709,28.3400,7205200
MRK,20050915,1600,28.3408,28.5382,28.2223,28.4000,5150400
MRK,20050916,1600,28.6287,28.6287,28.1351,28.5300,11760400
MRK,20050919,1600,28.3196,28.3887,28.0728,28.2900,6061900
MRK,20050920,1600,28.1853,28.2741,27.7213,27.8200,7965300
MRK,20050921,1600,27.8252,27.8252,27.3315,27.4500,6807900
MRK,20050922,1600,27.3290,27.4475,27.1216,27.2500,7764500
MRK,20050923,1600,27.3095,27.3984,27.0627,27.2700,5938500
MRK,20050926,1600,27.6479,27.6874,27.2035,27.4800,7693600
MRK,20050927,1600,27.5443,27.5739,27.0605,27.1000,7444000
MRK,20050928,1600,26.8936,27.4761,26.8936,27.1700,8352200
MRK,20050929,1600,27.2365,27.2464,26.6245,26.9700,8965700
MRK,20050930,1600,26.9095,27.0873,26.7910,26.8700,11924500
MRK,20051003,1600,27.0779,27.3050,26.9100,26.9100,11026100
MRK,20051004,1600,27.3044,27.3044,26.7613,26.8600,9509500
MRK,20051005,1600,26.8067,26.9351,26.5401,26.5500,7750400
MRK,20051006,1600,27.4477,27.4872,26.3024,26.4900,20746000
MRK,20051007,1600,27.0009,27.1786,25.1745,25.5200,14317500
MRK,20051010,1600,26.1651,26.6291,25.8787,26.5600,12567500
MRK,20051011,1600,26.7556,26.7950,26.2422,26.4100,10508000
MRK,20051012,1600,26.8942,26.8942,26.4005,26.4400,8281500
MRK,20051013,1600,26.4601,26.8452,26.3713,26.4700,7462500
MRK,20051014,1600,26.4941,26.8595,26.2571,26.8200,8366200
MRK,20051017,1600,26.7597,26.9770,26.3351,26.7400,5513700
MRK,20051018,1600,26.5520,26.9964,26.5125,26.7100,10435200
MRK,20051019,1600,26.7775,26.8071,26.4418,26.5800,8604700
MRK,20051020,1600,26.6590,26.9749,26.2838,26.5800,9406100
MRK,20051021,1600,26.5807,26.7090,25.8006,25.8500,9551400
MRK,20051024,1600,26.6008,26.6995,25.8010,26.6600,9666700
MRK,20051025,1600,26.4134,26.7689,26.3838,26.6800,6925900
MRK,20051026,1600,26.5834,26.9092,26.5735,26.8500,6803000
MRK,20051027,1600,26.6689,26.8466,26.5800,26.5800,6419400
MRK,20051028,1600,27.0320,27.2196,26.8543,27.1900,10430900
MRK,20051031,1600,27.3763,27.8995,27.2973,27.8600,12677700
MRK,20051101,1600,28.0909,28.2785,27.8440,28.1600,11689200
MRK,20051102,1600,27.8822,28.0994,27.4477,28.0500,9633200
MRK,20051103,1600,28.0929,30.5122,28.0337,29.1100,38110500
MRK,20051104,1600,29.0277,29.1265,28.6427,28.8500,9770500
MRK,20051107,1600,28.8529,29.0899,28.6357,29.0800,5711800
MRK,20051108,1600,29.1086,29.4542,28.9704,29.0000,6742000
MRK,20051109,1600,28.7855,29.3484,28.7855,29.2200,6525400
MRK,20051110,1600,29.3242,29.7191,29.2156,29.6500,8243000
MRK,20051111,1600,29.6994,29.6994,29.2057,29.6500,8658600
MRK,20051114,1600,29.6229,29.8599,29.5933,29.8500,8421500
MRK,20051115,1600,29.8177,29.9757,29.5610,29.6400,10031600
MRK,20051116,1600,29.7258,29.8640,29.2124,29.4000,8269200
MRK,20051117,1600,29.6153,29.6449,29.1511,29.2400,7457000
MRK,20051118,1600,29.5364,30.0596,29.2699,30.0300,13621100
MRK,20051121,1600,30.0208,30.1491,29.7937,30.0800,7832000
MRK,20051122,1600,30.0904,30.2483,29.8831,30.1200,6643200
MRK,20051123,1600,30.2127,30.4792,30.0251,30.4200,5763700
MRK,20051125,1600,30.4123,30.6196,30.2740,30.5900,3484500
MRK,20051128,1600,30.6219,30.6219,28.9234,29.1900,26204000
MRK,20051129,1600,29.2253,29.9263,29.2253,29.6400,17168400
MRK,20051130,1600,29.7400,29.9500,29.3700,29.4000,10346400
MRK,20051201,1600,29.6900,29.8700,29.3500,29.6800,9595900
MRK,20051202,1600,29.6300,30.0000,29.6200,29.9700,6936300
MRK,20051205,1600,29.7700,30.1300,29.7000,30.1100,9057900
MRK,20051206,1600,30.1100,30.4200,30.0500,30.1300,8561100
MRK,20051207,1600,30.0300,30.5100,29.9200,30.2900,9162500
MRK,20051208,1600,30.2000,30.3900,29.6200,29.6800,13319000
MRK,20051209,1600,29.0200,29.2400,28.7600,29.1300,17835500
MRK,20051212,1600,28.7500,29.6000,27.9900,28.4100,24204600
MRK,20051213,1600,28.5300,29.1500,28.5000,28.9000,12925700
MRK,20051214,1600,28.9000,29.7600,28.8800,29.2000,16000300
MRK,20051215,1600,29.7000,30.2000,29.5000,29.7700,17071800
MRK,20051216,1600,29.6000,30.0900,29.6000,30.0100,16605000
MRK,20051219,1600,30.9500,32.3000,30.9500,32.2500,38722700
MRK,20051220,1600,32.1100,32.3500,31.8100,31.9900,15658400
MRK,20051221,1600,32.1400,32.1400,31.8300,31.9300,7368200
MRK,20051222,1600,31.8900,32.0400,31.7000,32.0100,7444600
MRK,20051223,1600,31.6100,32.2400,31.6100,32.2000,4808900
MRK,20051227,1600,32.1000,32.2400,31.8100,31.9400,6366200
MRK,20051228,1600,32.0400,32.1900,31.8000,31.9100,6475300
MRK,20051229,1600,32.0800,32.5400,32.0800,32.3500,7650500
MRK,20051230,1600,32.3500,32.3500,31.7600,31.8100,8295000
MRK,20060103,1600,32.5200,32.8700,31.8100,32.7500,11627600
MRK,20060104,1600,32.7500,33.2000,32.7500,33.1300,12547200
MRK,20060105,1600,32.9200,33.3900,32.5000,33.1800,15633500
MRK,20060106,1600,33.0900,33.3600,32.8700,33.1200,9328300
MRK,20060109,1600,33.2200,33.6600,32.7500,33.6600,15937900
MRK,20060110,1600,33.4500,33.4500,33.1300,33.3300,8979400
MRK,20060111,1600,33.4900,33.5900,33.3100,33.4600,9547300
MRK,20060112,1600,33.5600,33.5800,33.3500,33.4800,7148600
MRK,20060113,1600,33.5300,33.7200,33.3500,33.4700,7080400
MRK,20060117,1600,33.1100,33.6500,33.0100,33.2100,10258100
MRK,20060118,1600,33.1200,33.4200,32.9500,33.0300,9141200
MRK,20060119,1600,33.3600,33.6300,33.2200,33.3200,9322400
MRK,20060120,1600,33.3200,33.4300,33.0100,33.2500,10139100
MRK,20060123,1600,33.1400,33.2100,32.7600,32.8300,7769700
MRK,20060124,1600,32.7300,33.0100,32.6100,32.7800,7711000
MRK,20060125,1600,32.7000,33.2400,32.5500,33.1900,8122300
MRK,20060126,1600,33.3400,34.0500,33.3200,33.9500,11075200
