Ticker,Date,Time,Open,High,Low,Close,Vol
MSFT,20030303,1600,23.8873,23.9868,23.2708,23.4100,50653500
MSFT,20030304,1600,23.4471,23.5267,22.9301,22.9400,56605700
MSFT,20030305,1600,22.9421,23.4194,22.9222,23.3100,55415900
MSFT,20030306,1600,23.0406,23.3687,23.0008,23.1400,54607600
MSFT,20030307,1600,22.8234,23.6587,22.7736,23.4300,66167600
MSFT,20030310,1600,23.1780,23.3271,22.7603,22.8200,48413600
MSFT,20030311,1600,22.9285,23.1274,22.6302,22.6700,53990700
MSFT,20030312,1600,22.6832,23.3097,22.4247,23.2600,72379504
MSFT,20030313,1600,23.5854,24.5996,23.3070,24.5300,80701296
MSFT,20030314,1600,24.5410,24.8194,24.1234,24.7200,75451400
MSFT,20030317,1600,24.3876,25.8099,24.1986,25.7900,100983800
MSFT,20030318,1600,25.7409,25.8900,25.3531,25.8900,78108800
MSFT,20030319,1600,25.8319,26.2794,25.5933,26.1700,73652096
MSFT,20030320,1600,25.8713,26.3685,25.5233,26.1000,71798496
MSFT,20030321,1600,26.5990,26.6487,25.8830,26.4200,85586800
MSFT,20030324,1600,25.4086,25.7865,25.0406,25.1500,61105200
MSFT,20030325,1600,25.4594,25.6086,24.8925,25.3500,63595100
MSFT,20030326,1600,25.3188,25.4779,25.1001,25.1100,51673600
MSFT,20030327,1600,24.8006,25.1188,24.4525,24.9000,60043300
MSFT,20030328,1600,24.5300,24.9576,24.4604,24.5300,39584600
MSFT,20030331,1600,24.1098,24.5671,23.8712,24.0700,71384000
MSFT,20030401,1600,24.3194,24.5580,24.1106,24.2100,49803200
MSFT,20030402,1600,24.9634,25.8585,24.9634,25.5800,68282496
MSFT,20030403,1600,25.8486,25.9480,25.4607,25.5900,57394300
MSFT,20030404,1600,25.6163,25.6560,24.7909,24.9500,55740600
MSFT,20030407,1600,26.0841,26.2830,25.0300,25.0300,65627100
MSFT,20030408,1600,25.1715,25.6886,25.0621,25.4400,54132100
MSFT,20030409,1600,25.4641,25.5237,24.4002,24.4300,76875800
MSFT,20030410,1600,24.5693,24.6489,24.1418,24.4500,51608900
MSFT,20030411,1600,24.7460,25.0343,23.8114,24.0600,71565504
MSFT,20030414,1600,24.1328,24.7393,23.8643,24.6200,51599600
MSFT,20030415,1600,24.5395,24.6489,23.9628,24.4600,63399000
MSFT,20030416,1600,25.4562,25.5954,24.4618,24.7800,86178704
MSFT,20030417,1600,24.6340,25.3998,24.6042,25.3600,58356600
MSFT,20030421,1600,25.4678,25.4678,24.9407,25.0700,41557800
MSFT,20030422,1600,24.9238,25.6598,24.8940,25.6200,58844000
MSFT,20030423,1600,25.6098,25.8485,25.3314,25.5800,55559300
MSFT,20030424,1600,25.3401,25.5787,25.1809,25.3500,51703600
MSFT,20030425,1600,25.1894,25.4977,25.0303,25.0800,53657400
MSFT,20030428,1600,25.2519,25.7989,25.1823,25.6000,56287600
MSFT,20030429,1600,25.8092,26.1076,25.5407,25.6600,65877300
MSFT,20030430,1600,25.5891,25.7383,25.1118,25.4300,55566800
MSFT,20030501,1600,25.4010,25.8087,25.2021,25.5800,42085800
MSFT,20030502,1600,25.5026,26.1389,25.4131,25.9500,52695400
MSFT,20030505,1600,26.1079,26.2471,25.7001,25.7200,50391500
MSFT,20030506,1600,25.7129,26.3493,25.6731,26.2200,54299500
MSFT,20030507,1600,25.9694,26.2081,25.7008,25.8500,49120000
MSFT,20030508,1600,25.6099,25.9978,25.5702,25.6000,46401400
MSFT,20030509,1600,25.7526,26.3492,25.7427,26.2100,58913600
MSFT,20030512,1600,26.0003,26.3185,25.9108,26.0500,53900800
MSFT,20030513,1600,25.8997,26.0589,25.7505,25.8500,44501900
MSFT,20030514,1600,25.9375,26.0369,25.4004,25.4800,45021000
MSFT,20030515,1600,25.7097,25.8688,25.4312,25.6500,45450200
MSFT,20030516,1600,25.7383,25.9074,25.2709,25.4300,60620900
MSFT,20030519,1600,25.2564,25.3956,24.6001,24.6200,55336300
MSFT,20030520,1600,24.7187,24.8579,24.3607,24.4900,52677600
MSFT,20030521,1600,24.4968,24.5763,23.7608,23.9000,108960896
MSFT,20030522,1600,24.0698,24.1394,23.9106,24.0300,93157104
MSFT,20030523,1600,24.0601,24.3982,23.8911,24.0800,76968000
MSFT,20030527,1600,24.1130,24.7494,24.0832,24.6500,68486800
MSFT,20030528,1600,24.6379,24.7274,24.1606,24.2700,91467000
MSFT,20030529,1600,24.3296,24.5285,24.0910,24.2600,75451296
MSFT,20030530,1600,24.5893,24.7683,24.3706,24.4700,85096704
MSFT,20030602,1600,24.8381,24.8878,24.4304,24.5000,66310800
MSFT,20030603,1600,24.6107,24.7798,24.4317,24.7400,61058200
MSFT,20030604,1600,24.8493,25.0780,24.6007,24.7300,83484600
MSFT,20030605,1600,24.3379,24.3877,23.8804,23.9600,115877904
MSFT,20030606,1600,24.3058,24.4251,23.5201,23.5400,119629400
MSFT,20030609,1600,23.5902,23.8487,23.4708,23.6200,73610000
MSFT,20030610,1600,23.8042,24.6096,23.7147,24.5400,80655296
MSFT,20030611,1600,24.5312,24.8195,24.2826,24.7400,75768600
MSFT,20030612,1600,24.8301,24.9992,24.6014,24.8500,66177700
MSFT,20030613,1600,25.0569,25.1066,24.3509,24.5100,55157500
MSFT,20030616,1600,24.6633,25.2798,24.5340,25.2500,69658600
MSFT,20030617,1600,25.5017,25.9990,25.3923,25.8200,122213904
MSFT,20030618,1600,25.8305,26.2779,25.5621,25.9200,89957696
MSFT,20030619,1600,25.9399,26.2382,25.8603,25.9200,63626900
MSFT,20030620,1600,26.1899,26.2297,25.8618,26.1800,86048896
MSFT,20030623,1600,25.9980,26.0975,25.3516,25.6400,52584500
MSFT,20030624,1600,25.5103,25.8981,25.3810,25.5600,51820300
MSFT,20030625,1600,25.4979,25.8460,25.0007,25.1200,60483500
MSFT,20030626,1600,25.2520,26.3659,25.0729,25.6100,51758100
MSFT,20030627,1600,25.8083,26.1961,25.3905,25.4900,76040304
MSFT,20030630,1600,25.7984,25.9774,25.3608,25.5000,48073100
MSFT,20030701,1600,25.4432,26.0497,25.2444,26.0000,60926000
MSFT,20030702,1600,26.3521,26.7797,26.3024,26.7300,94069296
MSFT,20030703,1600,26.5389,26.7975,26.2605,26.3500,39440900
MSFT,20030707,1600,26.8722,27.3993,26.8026,27.2700,88960800
MSFT,20030708,1600,27.1124,27.6495,27.1024,27.5500,61896800
MSFT,20030709,1600,27.4095,27.5487,27.1012,27.3200,62300700
MSFT,20030710,1600,27.0981,27.2672,26.4418,26.7600,55350800
MSFT,20030711,1600,26.8020,27.2992,26.7423,27.1600,50377300
MSFT,20030714,1600,27.4787,27.6578,26.9019,27.2500,60464400
MSFT,20030715,1600,27.3189,27.3786,26.9509,27.1200,53567600
MSFT,20030716,1600,27.4098,27.4695,27.0517,27.3700,49838900
MSFT,20030717,1600,26.9875,27.1167,26.3908,26.5400,72805000
MSFT,20030718,1600,26.9588,27.0781,26.6008,26.7400,63388400
MSFT,20030721,1600,26.7152,26.7550,25.8502,25.8900,48480800
MSFT,20030722,1600,26.1306,26.4090,25.9814,26.2300,51791000
MSFT,20030723,1600,26.2702,26.4989,25.9918,26.3000,49828200
MSFT,20030724,1600,26.6255,26.7647,25.8301,25.8500,53556600
MSFT,20030725,1600,26.1334,26.7997,25.9246,26.7400,54173000
MSFT,20030728,1600,26.7881,26.8478,26.3407,26.4600,52658300
MSFT,20030729,1600,26.7277,26.7476,26.0913,26.3200,62391100
MSFT,20030730,1600,26.3087,26.4181,26.0203,26.0800,41240300
MSFT,20030731,1600,26.4489,26.8367,26.1606,26.2600,64504800
MSFT,20030801,1600,26.1791,26.3581,25.9703,26.0200,42649700
MSFT,20030804,1600,26.0002,26.2587,25.6025,26.0300,51825600
MSFT,20030805,1600,26.1665,26.3952,25.4603,25.5200,58825800
MSFT,20030806,1600,25.4006,26.0471,25.2912,25.5100,56294900
MSFT,20030807,1600,25.5799,25.6695,25.3114,25.5700,44258500
MSFT,20030808,1600,25.7384,25.8378,25.3604,25.4400,33241400
MSFT,20030811,1600,25.4700,25.8479,25.4004,25.4700,36433900
MSFT,20030812,1600,25.5701,25.6298,25.3115,25.5900,38208400
MSFT,20030813,1600,25.6490,25.7484,25.3605,25.4600,39636900
MSFT,20030814,1600,25.5198,25.5696,25.3806,25.4900,37338300
MSFT,20030815,1600,25.4696,25.5193,25.2906,25.4000,27607900
MSFT,20030818,1600,25.4208,25.6893,25.3213,25.5600,45817400
MSFT,20030819,1600,25.7043,26.4998,25.6248,26.4700,72952896
MSFT,20030820,1600,26.1509,26.3795,25.8526,26.3000,56739300
MSFT,20030821,1600,26.4977,26.5772,25.9806,26.0900,63802700
MSFT,20030822,1600,26.6268,26.7958,26.0601,26.0700,65846300
MSFT,20030825,1600,26.1611,26.3898,26.0815,26.3500,36132900
MSFT,20030826,1600,26.1615,26.5194,25.8134,26.4200,47546000
MSFT,20030827,1600,26.3595,26.4291,26.1507,26.2700,30633900
MSFT,20030828,1600,26.3501,26.4296,26.0915,26.3600,46211200
MSFT,20030829,1600,26.3103,26.3998,26.2010,26.3700,34503000
MSFT,20030902,1600,26.5531,27.1498,26.3243,27.1100,74168896
MSFT,20030903,1600,27.2650,28.2394,27.2252,28.1400,109437800
MSFT,20030904,1600,27.9419,28.3098,27.8325,28.2700,59840800
MSFT,20030905,1600,28.0708,28.5879,28.0112,28.2200,64024500
MSFT,20030908,1600,28.2325,28.7596,28.1828,28.6800,46105300
MSFT,20030909,1600,28.4884,28.5481,28.1503,28.2100,44315200
MSFT,20030910,1600,27.8774,28.0266,27.3304,27.4000,54763500
MSFT,20030911,1600,27.5010,27.9484,27.4314,27.6800,37813300
MSFT,20030912,1600,27.3249,28.2397,27.2950,28.1800,55777200
MSFT,20030915,1600,28.2099,28.4486,28.1702,28.2000,41432300
MSFT,20030916,1600,28.2527,28.7897,28.1632,28.7400,52060600
MSFT,20030917,1600,28.5985,28.7875,28.3102,28.3400,47221600
MSFT,20030918,1600,28.3355,29.3499,28.2659,29.3400,67268096
MSFT,20030919,1600,29.5911,29.7999,29.3525,29.7900,92433800
MSFT,20030922,1600,29.2282,29.8349,28.6514,28.9100,65678700
MSFT,20030923,1600,28.9528,29.5394,28.7141,29.4300,57827800
MSFT,20030924,1600,29.4435,29.5330,28.2602,28.3000,66336500
MSFT,20030925,1600,28.3087,28.7959,28.0601,28.0800,56224500
MSFT,20030926,1600,28.1095,28.6167,27.9803,28.0300,49864700
MSFT,20030929,1600,28.2523,28.7496,27.9441,28.6700,47380300
MSFT,20030930,1600,28.4255,28.4453,27.5903,27.6400,63333700
MSFT,20031001,1600,27.8727,28.4694,27.6540,28.3600,58375900
MSFT,20031002,1600,28.2903,28.5886,28.0317,28.3400,38143600
MSFT,20031003,1600,28.9996,29.2979,28.7708,28.9200,57303000
MSFT,20031006,1600,28.9902,29.1394,28.7515,29.0300,34047600
MSFT,20031007,1600,28.8507,29.2087,28.7612,28.9800,52356800
MSFT,20031008,1600,29.1970,29.1970,28.5208,28.6600,46989100
MSFT,20031009,1600,29.0585,29.1877,28.6408,28.7800,62653300
MSFT,20031010,1600,28.7500,29.0384,28.5113,28.7500,37604700
MSFT,20031013,1600,28.8189,28.9382,28.3416,28.6200,39320300
MSFT,20031014,1600,28.5001,28.6095,28.3211,28.5200,34851300
MSFT,20031015,1600,29.2000,29.2600,28.7000,29.0700,57242100
MSFT,20031016,1600,28.9100,29.3100,28.8000,29.2300,42232500
MSFT,20031017,1600,29.2800,29.2900,28.8000,28.9300,49960000
MSFT,20031020,1600,28.9500,29.3700,28.8000,29.3500,38794500
MSFT,20031021,1600,29.3500,29.4300,29.1700,29.3500,44166800
MSFT,20031022,1600,29.0300,29.2100,28.8000,28.8900,48798500
MSFT,20031023,1600,28.7200,29.0800,28.1000,28.9100,67357904
MSFT,20031024,1600,27.2700,27.4000,26.4200,26.6100,210558304
MSFT,20031027,1600,26.9100,27.1000,26.8200,26.9100,65619100
MSFT,20031028,1600,27.0900,27.2200,26.8800,27.2000,71752600
MSFT,20031029,1600,27.1600,27.2500,26.6600,26.7400,73551504
MSFT,20031030,1600,27.0100,27.0400,25.9100,26.1200,98729400
MSFT,20031031,1600,26.3700,26.4400,26.1100,26.1400,69623696
MSFT,20031103,1600,26.3500,26.7500,26.2900,26.6800,57772300
MSFT,20031104,1600,26.5900,26.6200,26.0100,26.0700,84026096
MSFT,20031105,1600,26.1500,26.3200,26.0000,26.1000,61514400
MSFT,20031106,1600,26.2600,26.3000,26.0000,26.2300,68189800
MSFT,20031107,1600,26.3800,26.4900,26.0300,26.1000,57822100
MSFT,20031110,1600,26.1200,26.2300,26.0000,26.0000,54579100
MSFT,20031111,1600,26.0100,26.0800,25.6700,25.8000,64990700
MSFT,20031112,1600,25.8500,26.1400,25.6000,25.9800,75877296
MSFT,20031113,1600,25.8600,25.9300,25.4500,25.6900,78949504
MSFT,20031114,1600,25.7000,26.0200,25.4400,25.5000,83146400
MSFT,20031117,1600,25.3900,25.4400,24.8400,25.1500,103900200
MSFT,20031118,1600,25.3300,25.8400,25.1200,25.1500,106868304
MSFT,20031119,1600,25.2900,25.5400,25.1700,25.3500,78853296
MSFT,20031120,1600,25.1700,25.6300,25.0800,25.1000,106845696
MSFT,20031121,1600,25.3300,25.3800,25.0800,25.1100,70712896
MSFT,20031124,1600,25.3300,25.8100,25.2800,25.7300,99463800
MSFT,20031125,1600,25.8700,25.9500,25.3800,25.4000,85663800
MSFT,20031126,1600,25.6100,25.6300,25.3200,25.4500,69758400
MSFT,20031128,1600,25.5000,25.7500,25.4000,25.7100,33402600
MSFT,20031201,1600,25.9000,26.2100,25.5000,25.8400,101914600
MSFT,20031202,1600,25.9500,26.0900,25.6100,25.6600,85121696
MSFT,20031203,1600,25.8200,26.0700,25.6200,25.6700,93121600
MSFT,20031204,1600,25.7200,26.2300,25.6600,26.2000,87202400
MSFT,20031205,1600,25.9600,26.4800,25.9200,25.9800,96610896
MSFT,20031208,1600,26.1200,26.3400,25.8100,26.2400,90504000
MSFT,20031209,1600,26.4400,26.6100,26.2500,26.3800,103547104
MSFT,20031210,1600,26.4500,26.6300,26.3800,26.5900,82853696
MSFT,20031211,1600,26.5900,26.7700,26.2800,26.6100,79309000
MSFT,20031212,1600,26.6900,26.8100,26.5000,26.6500,69154096
MSFT,20031215,1600,27.0500,27.1000,26.6800,26.7400,88860600
MSFT,20031216,1600,26.8300,27.1600,26.7700,27.0600,73978000
MSFT,20031217,1600,27.0400,27.0800,26.8500,27.0400,53712300
MSFT,20031218,1600,27.1000,27.4500,27.0500,27.4000,61177800
MSFT,20031219,1600,27.4900,27.5500,27.1900,27.3600,76856400
MSFT,20031222,1600,27.1600,27.4300,26.9700,27.1800,43894800
MSFT,20031223,1600,27.1700,27.3400,27.0100,27.1500,39609000
MSFT,20031224,1600,27.1400,27.1600,27.0000,27.0400,19924200
MSFT,20031226,1600,27.0500,27.2500,27.0000,27.2100,12076900
MSFT,20031229,1600,27.2100,27.5300,27.1600,27.4600,40426700
MSFT,20031230,1600,27.4100,27.5500,27.4000,27.5200,34406600
MSFT,20031231,1600,27.4200,27.5500,27.2300,27.3700,42198900
MSFT,20040102,1600,27.5800,27.7700,27.3300,27.4500,44487700
MSFT,20040105,1600,27.7300,28.1800,27.7200,28.1400,67333696
MSFT,20040106,1600,28.1900,28.2800,28.0700,28.2400,46950800
MSFT,20040107,1600,28.1700,28.3100,28.0100,28.2100,54298200
MSFT,20040108,1600,28.3900,28.4800,28.0000,28.1600,58810800
MSFT,20040109,1600,28.0300,28.0600,27.5900,27.6600,67079900
MSFT,20040112,1600,27.6700,27.7300,27.3500,27.5700,55845200
MSFT,20040113,1600,27.5500,27.6400,27.2600,27.4300,51555900
MSFT,20040114,1600,27.5200,27.7300,27.4700,27.7000,43907000
MSFT,20040115,1600,27.5500,27.7200,27.4200,27.5400,58504100
MSFT,20040116,1600,27.7100,27.8800,27.5300,27.8100,63983400
MSFT,20040120,1600,27.9800,28.2000,27.9300,28.1000,63068500
MSFT,20040121,1600,28.1300,28.3000,27.8500,28.3000,53570600
MSFT,20040122,1600,28.3600,28.4400,27.9400,28.0100,78425200
MSFT,20040123,1600,28.2800,28.7600,28.2200,28.4800,127259104
MSFT,20040126,1600,28.4900,28.8300,28.3200,28.8000,58299600
MSFT,20040127,1600,28.6400,28.7200,28.2200,28.2500,63196200
MSFT,20040128,1600,28.3000,28.4400,27.4700,27.7100,71336000
MSFT,20040129,1600,27.8100,27.9500,27.5700,27.9100,63748400
MSFT,20040130,1600,27.8400,27.9000,27.5500,27.6500,40528700
MSFT,20040202,1600,27.6100,27.8000,27.2400,27.4000,62891800
MSFT,20040203,1600,27.4000,27.5500,27.1800,27.2900,47993800
MSFT,20040204,1600,27.2200,27.4300,27.0100,27.0100,60648000
MSFT,20040205,1600,27.0600,27.1700,26.8300,26.9600,55527500
MSFT,20040206,1600,27.0300,27.1900,26.9300,27.0800,47209600
MSFT,20040209,1600,27.1900,27.2300,26.8500,26.9000,48108500
MSFT,20040210,1600,26.8700,27.1500,26.8200,27.0200,37790600
MSFT,20040211,1600,26.9700,27.2300,26.8500,27.1500,51515300
MSFT,20040212,1600,27.0900,27.1500,26.9300,26.9500,44537000
MSFT,20040213,1600,26.9800,27.0600,26.5000,26.5900,67541104
MSFT,20040217,1600,26.7200,27.1000,26.5900,26.9900,43477000
MSFT,20040218,1600,26.9000,27.1100,26.7400,26.7700,50334700
MSFT,20040219,1600,26.9200,26.9800,26.4300,26.4600,61840600
MSFT,20040220,1600,26.6600,26.8000,26.5000,26.5700,57821900
MSFT,20040223,1600,26.7300,26.7600,26.4800,26.6100,50256800
MSFT,20040224,1600,26.6100,26.9500,26.5500,26.8800,55426500
MSFT,20040225,1600,26.9000,26.9900,26.6100,26.7000,64275700
MSFT,20040226,1600,26.5900,26.6500,26.4100,26.5000,66602700
MSFT,20040227,1600,26.4700,26.6200,26.3500,26.5300,58266500
MSFT,20040301,1600,26.6300,26.7200,26.5000,26.7000,51912300
MSFT,20040302,1600,26.6100,26.6900,26.3500,26.3900,66331000
MSFT,20040303,1600,26.3500,26.5500,26.2200,26.3700,54998700
MSFT,20040304,1600,26.3300,26.4200,26.2100,26.3700,44023200
MSFT,20040305,1600,26.2300,26.6000,26.2000,26.3500,59849800
MSFT,20040308,1600,26.3100,26.3500,25.8100,25.8300,69367800
MSFT,20040309,1600,25.8000,25.9700,25.5400,25.7200,81111696
MSFT,20040310,1600,25.6500,25.8000,25.3500,25.3700,75155800
MSFT,20040311,1600,25.1800,25.7800,25.0700,25.0900,90536304
MSFT,20040312,1600,25.3800,25.5100,25.2300,25.3800,64137100
MSFT,20040315,1600,25.3000,25.4300,25.0600,25.1600,68835296
MSFT,20040316,1600,25.2600,25.3700,25.1000,25.1800,65453800
MSFT,20040317,1600,25.2500,25.4600,25.1100,25.1300,56241400
MSFT,20040318,1600,24.9600,25.0300,24.5800,24.8900,123231000
MSFT,20040319,1600,24.7700,24.9400,24.5600,24.6300,86281600
MSFT,20040322,1600,24.4800,24.8400,24.0100,24.5000,127605200
MSFT,20040323,1600,24.6500,24.6600,24.1100,24.1500,91696304
MSFT,20040324,1600,24.3800,24.5800,24.1800,24.4100,97584704
MSFT,20040325,1600,24.6000,25.2400,24.5800,25.1900,85677904
MSFT,20040326,1600,25.1100,25.5100,25.0000,25.0300,61584900
MSFT,20040329,1600,25.2500,25.4000,25.0000,25.3100,51881600
MSFT,20040330,1600,25.2100,25.3300,25.0300,25.2000,59010400
MSFT,20040331,1600,25.2000,25.2000,24.8700,24.9300,70533200
MSFT,20040401,1600,24.9500,25.1100,24.8500,25.0800,69051904
MSFT,20040402,1600,25.4800,25.9000,25.4400,25.8500,98043800
MSFT,20040405,1600,25.8100,25.9800,25.7300,25.9500,53800300
MSFT,20040406,1600,25.7700,25.9000,25.6600,25.8000,48992000
MSFT,20040407,1600,25.7400,25.7800,25.3500,25.5900,63268900
MSFT,20040408,1600,25.8200,25.8500,25.3600,25.4800,45294600
MSFT,20040412,1600,25.4800,25.7400,25.4300,25.6100,38786800
MSFT,20040413,1600,25.6800,25.7700,25.4100,25.4500,56971500
MSFT,20040414,1600,25.3900,25.6800,25.3800,25.5100,61079600
MSFT,20040415,1600,25.5300,25.7300,25.1000,25.2200,73756896
MSFT,20040416,1600,25.3300,25.4000,25.1100,25.1600,51768600
MSFT,20040419,1600,25.0800,25.6000,25.0600,25.5300,44592100
MSFT,20040420,1600,25.6500,25.8800,25.2800,25.3300,59902600
MSFT,20040421,1600,25.3600,25.4900,25.2000,25.4500,49252000
MSFT,20040422,1600,25.5100,25.9900,25.4700,25.9500,99207696
MSFT,20040423,1600,27.4000,27.7200,27.3400,27.5400,258268992
MSFT,20040426,1600,27.4500,27.5500,27.1000,27.2400,89391000
MSFT,20040427,1600,27.1600,27.3700,27.1300,27.2200,80716800
MSFT,20040428,1600,27.0100,27.0500,26.4700,26.5600,72842200
MSFT,20040429,1600,26.5100,26.9400,26.3100,26.4800,77787296
MSFT,20040430,1600,26.5900,26.7500,25.9600,26.1300,66172200
MSFT,20040503,1600,26.1900,26.5200,26.1900,26.3500,65916200
MSFT,20040504,1600,26.3500,26.5400,26.0200,26.3300,55496400
MSFT,20040505,1600,26.3200,26.6000,26.2500,26.3000,51841700
MSFT,20040506,1600,26.1600,26.3400,26.0290,26.1200,62694608
MSFT,20040507,1600,26.0310,26.3800,25.7500,25.7800,68297032
MSFT,20040510,1600,25.6400,26.0500,25.6200,25.9300,64633152
MSFT,20040511,1600,26.1000,26.1100,25.7900,25.9400,57935096
MSFT,20040512,1600,25.8700,26.0000,25.4300,25.9400,63930292
MSFT,20040513,1600,25.8200,26.1600,25.7900,26.0600,45971472
MSFT,20040514,1600,26.0000,26.1700,25.6400,25.8600,43775300
MSFT,20040517,1600,25.4700,25.7900,25.4200,25.5400,55149600
MSFT,20040518,1600,25.7000,25.9700,25.6400,25.8300,58158600
MSFT,20040519,1600,26.0300,26.2700,25.6200,25.6200,60052800
MSFT,20040520,1600,25.7500,25.8700,25.5900,25.7300,52089900
MSFT,20040521,1600,25.9700,26.2000,25.7800,25.8900,57809300
MSFT,20040524,1600,26.0500,26.1700,25.7400,25.7600,56250500
MSFT,20040525,1600,25.7100,26.1900,25.6000,26.1000,66615000
MSFT,20040526,1600,25.9900,26.1500,25.8500,26.1400,50306900
MSFT,20040527,1600,26.1600,26.1900,25.9200,26.1900,49071900
MSFT,20040528,1600,26.1400,26.3500,26.0200,26.2300,37393000
MSFT,20040601,1600,26.1300,26.2700,25.8700,26.1100,48369500
MSFT,20040602,1600,26.1300,26.2800,26.0100,26.1300,54022508
MSFT,20040603,1600,26.0500,26.1300,25.8600,25.8900,45946524
MSFT,20040604,1600,26.0400,26.2400,25.9400,25.9500,48819776
MSFT,20040607,1600,26.0200,26.4300,25.9700,26.4300,65229572
MSFT,20040608,1600,26.2900,26.6500,26.2400,26.6000,58252832
MSFT,20040609,1600,26.4700,26.6500,26.4000,26.4700,50386072
MSFT,20040610,1600,26.3800,26.7900,26.3800,26.7700,48111708
MSFT,20040614,1600,26.5600,26.9000,26.5300,26.9000,67440984
MSFT,20040615,1600,26.9800,27.6000,26.9700,27.4050,114245016
MSFT,20040616,1600,27.3400,27.4100,27.1500,27.2100,34196880
MSFT,20040617,1600,27.3100,27.9200,27.2900,27.7690,106009672
MSFT,20040618,1600,27.7400,28.5000,27.7000,28.3500,134291088
MSFT,20040621,1600,28.2300,28.6600,28.1200,28.3500,116884920
MSFT,20040622,1600,28.1500,28.3500,27.8100,28.2900,99479632
MSFT,20040623,1600,28.1800,28.3800,28.0000,28.3000,58638260
MSFT,20040624,1600,28.5100,28.6500,28.3600,28.3900,65528480
MSFT,20040625,1600,28.4700,28.6300,28.2450,28.5700,76597416
MSFT,20040628,1600,28.6000,28.7500,28.1700,28.2800,77109168
MSFT,20040629,1600,28.1900,28.5800,28.1800,28.5000,55481832
MSFT,20040630,1600,28.6000,28.8000,28.3900,28.5600,83619472
MSFT,20040701,1600,28.6800,28.8400,28.2600,28.6300,78974368
MSFT,20040702,1600,28.6200,28.6800,28.4000,28.5700,36690100
MSFT,20040706,1600,28.3200,28.3300,27.9400,28.0200,69158896
MSFT,20040707,1600,27.7010,28.3200,27.5500,28.1000,66315432
MSFT,20040708,1600,27.8800,28.1500,27.5500,27.6400,59125100
MSFT,20040709,1600,27.7800,28.0000,27.6400,27.8600,50249300
MSFT,20040712,1600,27.6900,28.0010,27.5900,27.8900,45766448
MSFT,20040713,1600,27.9100,27.9500,27.6000,27.6000,43466800
MSFT,20040714,1600,27.4000,28.3600,27.3400,28.1300,87663760
MSFT,20040715,1600,28.0490,28.2037,27.8000,27.8700,46761724
MSFT,20040716,1600,28.1600,28.2000,27.2500,27.4800,66407472
MSFT,20040719,1600,27.6200,28.2600,27.6000,27.9500,60364128
MSFT,20040720,1600,28.0100,28.4800,27.8500,28.3200,64828440
MSFT,20040721,1600,29.8900,29.8900,28.8100,28.8600,201563984
MSFT,20040722,1600,29.0700,29.3000,28.8300,29.0000,124640704
MSFT,20040723,1600,28.3800,28.4000,28.0200,28.0300,97372704
MSFT,20040726,1600,28.3600,28.7100,28.2000,28.6600,72387600
MSFT,20040727,1600,28.7100,28.7600,28.1300,28.4400,72988608
MSFT,20040728,1600,28.3500,28.7900,28.2800,28.5800,62725936
MSFT,20040729,1600,28.7800,28.8000,28.2500,28.4800,60149008
MSFT,20040730,1600,28.4400,28.8100,28.3300,28.4900,59555164
MSFT,20040802,1600,28.2900,28.5500,28.1600,28.5200,52273376
MSFT,20040803,1600,28.3900,28.4200,28.0000,28.0700,53996968
MSFT,20040804,1600,28.0010,28.2000,27.9900,28.1200,27762248
MSFT,20040805,1600,28.1400,28.2100,27.5200,27.5300,55618228
MSFT,20040806,1600,27.4000,27.8600,27.0600,27.1400,75666880
MSFT,20040809,1600,27.2500,27.2800,27.1000,27.1800,51878808
MSFT,20040810,1600,27.3000,27.4900,27.2500,27.4700,9893842
MSFT,20040811,1600,27.3900,27.5100,27.2000,27.4100,53097300
MSFT,20040812,1600,27.2300,27.3100,26.8600,26.8800,50279700
MSFT,20040813,1600,27.0100,27.2500,25.9500,27.0200,43333200
MSFT,20040816,1600,27.0300,27.2000,26.9600,27.0900,54347200
MSFT,20040817,1600,27.2200,27.3800,26.9800,27.0500,56880452
MSFT,20040818,1600,26.9300,27.5000,26.8900,27.4600,58844000
MSFT,20040819,1600,27.3500,27.4500,27.0100,27.1200,46293000
MSFT,20040820,1600,27.1300,27.3700,27.0400,27.2000,46494800
MSFT,20040823,1600,27.2700,27.3300,27.1200,27.2400,39572200
MSFT,20040824,1600,27.4000,27.4600,27.0900,27.2400,40835300
MSFT,20040825,1600,27.2100,27.6700,27.1800,27.5500,53512700
MSFT,20040826,1600,27.4600,27.6000,27.3900,27.4400,35465500
MSFT,20040827,1600,27.5000,27.6500,27.4500,27.4600,33248700
MSFT,20040830,1600,27.3000,27.3900,26.8500,27.3000,36682520
MSFT,20040831,1600,27.2900,27.3200,27.0500,27.3000,52162784
MSFT,20040901,1600,27.2400,27.5200,27.1790,27.4000,20356448
MSFT,20040902,1600,27.3800,27.6800,27.3500,27.6200,42212736
MSFT,20040903,1600,27.4500,27.6200,27.1000,27.1100,46226740
MSFT,20040907,1600,27.2900,27.3800,27.1600,27.3600,44893400
MSFT,20040908,1600,27.3100,27.4692,27.1400,27.2500,31242656
MSFT,20040909,1600,27.3000,27.4700,27.1800,27.2800,56973816
MSFT,20040910,1600,27.3400,27.5100,27.1800,27.4900,52664500
MSFT,20040913,1600,27.5300,27.5700,26.7400,27.2500,48239200
MSFT,20040914,1600,27.3700,27.5100,27.2700,27.4400,55920000
MSFT,20040915,1600,27.3700,27.4010,27.1900,27.2290,22953302
MSFT,20040916,1600,27.2200,27.3500,27.1700,27.2600,35962344
MSFT,20040917,1600,27.3900,27.5300,27.2600,27.5100,65283000
MSFT,20040920,1600,27.4400,27.6500,27.3300,27.5100,51513600
MSFT,20040921,1600,27.4600,27.5300,27.2500,27.2600,73905344
MSFT,20040922,1600,27.2800,27.7400,27.0700,27.1200,68409000
MSFT,20040923,1600,27.1900,27.3900,27.1700,27.3500,52155800
MSFT,20040924,1600,27.3900,27.4600,27.1900,27.2900,49859800
MSFT,20040927,1600,27.1700,27.3200,27.1300,27.1900,47813600
MSFT,20040928,1600,27.2100,27.3600,27.0400,27.2700,62055100
MSFT,20040929,1600,27.2600,27.6900,27.2300,27.5800,61529300
MSFT,20040930,1600,27.5900,27.7900,27.5200,27.6500,71218000
MSFT,20041001,1600,27.8200,28.3200,27.7800,28.2500,66302800
MSFT,20041004,1600,28.4200,28.4600,28.0700,28.1200,62059156
MSFT,20041005,1600,28.1500,28.4500,28.1000,28.3800,58017700
MSFT,20041006,1600,28.3900,28.5500,28.2300,28.5300,56999600
MSFT,20041007,1600,28.5400,28.5900,28.1600,28.1700,38401500
MSFT,20041008,1600,28.1000,28.3300,27.9700,27.9900,49556600
MSFT,20041011,1600,28.2000,28.2200,27.9300,28.0600,44691000
MSFT,20041012,1600,27.8300,28.1600,27.8100,28.0300,56412900
MSFT,20041013,1600,28.1900,28.2700,27.9400,28.0300,49500700
MSFT,20041014,1600,28.0400,28.1600,27.8000,27.8000,41548700
MSFT,20041015,1600,27.9700,28.2400,27.8200,27.9900,49828500
MSFT,20041018,1600,28.0700,28.4500,27.9800,28.4100,50350700
MSFT,20041019,1600,28.5400,28.5900,28.2900,28.3690,26358364
MSFT,20041020,1600,28.2200,28.7500,28.1200,28.6600,44996240
MSFT,20041021,1600,28.8200,28.8900,28.4700,28.5600,95665576
MSFT,20041022,1600,28.3000,28.3400,27.5800,27.7400,101912800
MSFT,20041025,1600,27.6700,27.7700,27.5500,27.6300,61529500
MSFT,20041026,1600,27.7000,27.9000,27.6290,27.9000,77094936
MSFT,20041027,1600,27.8700,28.3510,27.5800,28.1500,72660568
MSFT,20041028,1600,28.1100,28.1900,27.9000,28.1200,39513656
MSFT,20041029,1600,28.1100,28.1500,27.4200,27.9700,80199088
MSFT,20041101,1600,28.1500,28.2800,27.9600,28.0800,72965208
MSFT,20041102,1600,28.2400,28.4700,28.0290,28.2400,89482128
MSFT,20041103,1600,28.6500,28.6500,28.3100,28.4700,79732848
MSFT,20041104,1600,28.3900,29.0000,28.3800,29.0000,87894440
MSFT,20041105,1600,29.1600,29.3600,29.0300,29.3100,95361624
MSFT,20041108,1600,29.1800,29.4800,29.1300,29.2800,116089016
MSFT,20041109,1600,29.4300,29.8200,29.3500,29.7800,66946280
MSFT,20041110,1600,26.5184,26.5893,26.3145,26.3500,84097696
MSFT,20041111,1600,26.4902,26.6586,26.4282,26.5700,87358896
MSFT,20041112,1600,26.7384,26.7739,26.4193,26.5700,162268992
MSFT,20041115,1600,27.0106,27.1687,26.8723,27.0600,104468000
MSFT,20041116,1600,26.9974,27.0073,26.7209,26.7900,64522600
MSFT,20041117,1600,26.9190,27.0178,26.7313,26.8400,58830700
MSFT,20041118,1600,26.7993,26.8388,26.6709,26.7400,63249900
MSFT,20041119,1600,26.7080,26.7475,26.5202,26.5400,85808600
MSFT,20041122,1600,26.4288,26.4980,25.7866,26.3300,92410800
MSFT,20041123,1600,26.2001,26.3779,26.0816,26.2100,70459696
MSFT,20041124,1600,26.3002,26.4089,26.0829,26.3200,60069200
MSFT,20041126,1600,26.2405,26.4974,26.2306,26.2800,24398700
MSFT,20041129,1600,26.3216,26.6278,26.2919,26.4500,67079900
MSFT,20041130,1600,26.4307,26.6876,26.3813,26.4900,75960400
MSFT,20041201,1600,26.6236,26.9496,26.4853,26.9200,99889000
MSFT,20041202,1600,26.9378,27.0662,26.5921,26.7600,96088304
MSFT,20041203,1600,26.8308,27.1075,26.8111,26.9000,76498400
MSFT,20041206,1600,26.7728,27.1087,26.7431,27.0000,55297400
MSFT,20041207,1600,26.9277,27.0462,26.6709,26.7400,111656000
MSFT,20041208,1600,26.6842,27.0300,26.5854,27.0300,95655000
MSFT,20041209,1600,26.8012,27.0284,26.6135,26.9000,83006000
MSFT,20041210,1600,26.7500,26.8488,26.7105,26.7500,70949200
MSFT,20041213,1600,26.7718,26.9496,26.5841,26.9200,93812496
MSFT,20041214,1600,26.7222,26.9988,26.7123,26.9000,127843200
MSFT,20041215,1600,26.8887,27.0665,26.7405,26.7800,106303904
MSFT,20041216,1600,26.8201,26.9485,26.6818,26.8300,88997504
MSFT,20041217,1600,26.6695,26.9856,26.4720,26.6300,126184400
MSFT,20041220,1600,26.6793,26.8176,26.5607,26.6200,85552800
MSFT,20041221,1600,26.6709,26.8388,26.6116,26.7400,94646096
MSFT,20041222,1600,26.5116,26.8178,26.4523,26.6400,63651900
MSFT,20041223,1600,26.5417,26.8183,26.5022,26.6800,65801900
MSFT,20041227,1600,26.6881,26.7770,26.5004,26.5300,55958500
MSFT,20041228,1600,26.5212,26.6990,26.4718,26.6200,55075900
MSFT,20041229,1600,26.5306,26.6788,26.5010,26.5800,47594900
MSFT,20041230,1600,26.5684,26.6178,26.4301,26.4400,48355400
MSFT,20041231,1600,26.4296,26.5778,26.3605,26.4000,54959500
MSFT,20050103,1600,26.4793,26.6275,26.3311,26.4200,65002900
MSFT,20050104,1600,26.5496,26.7769,26.3421,26.5200,109442096
MSFT,20050105,1600,26.5193,26.7762,26.4402,26.4600,72463504
MSFT,20050106,1600,26.5288,26.7363,26.3213,26.4300,76890496
MSFT,20050107,1600,26.4982,26.5674,26.3006,26.3500,68723296
MSFT,20050110,1600,26.2824,26.5393,26.2231,26.4800,70376600
MSFT,20050111,1600,26.3705,26.4989,26.2914,26.4100,64712000
MSFT,20050112,1600,26.4501,26.5292,26.3019,26.4600,72940600
MSFT,20050113,1600,26.3550,26.4735,25.8413,25.9500,89861600
MSFT,20050114,1600,26.0766,26.1260,25.7210,25.8000,92180800
MSFT,20050118,1600,25.7135,26.0296,25.5258,26.0000,69146400
MSFT,20050119,1600,25.8973,25.9467,25.6107,25.6700,58114100
MSFT,20050120,1600,25.5302,25.7871,25.4314,25.5500,58380100
MSFT,20050121,1600,25.6364,25.8142,25.3301,25.3400,76501000
MSFT,20050124,1600,25.4489,25.6860,25.3304,25.3600,69010896
MSFT,20050125,1600,25.4531,25.8780,25.4432,25.7100,67580704
MSFT,20050126,1600,25.7593,25.8581,25.5913,25.7000,64974500
MSFT,20050127,1600,25.6419,25.8494,25.5431,25.8000,93204096
MSFT,20050128,1600,26.2156,26.3243,25.6427,25.8600,110466496
MSFT,20050131,1600,26.0291,26.1971,25.8415,25.9600,71442096
MSFT,20050201,1600,25.9317,26.1095,25.9021,26.0700,57981700
MSFT,20050202,1600,26.1005,26.1795,25.9622,26.1400,79329504
MSFT,20050203,1600,26.0477,26.0773,25.7810,25.8600,62545400
MSFT,20050204,1600,25.8518,26.0494,25.8222,26.0000,61246500
MSFT,20050207,1600,25.9487,25.9783,25.7412,25.8400,57763400
MSFT,20050208,1600,25.8706,26.0188,25.8410,25.9200,61343700
MSFT,20050209,1600,25.9379,25.9971,25.7304,25.7600,77874800
MSFT,20050210,1600,25.7895,25.8192,25.6907,25.7500,71796400
MSFT,20050211,1600,25.7193,25.8082,25.5019,25.6600,83835904
MSFT,20050214,1600,25.6210,25.8087,25.6012,25.7000,58694000
MSFT,20050215,1600,25.7694,25.8487,25.6306,25.7000,76551600
MSFT,20050216,1600,25.6393,25.6988,25.4411,25.5600,57506600
MSFT,20050217,1600,25.4795,25.6281,25.3704,25.4200,67024800
MSFT,20050218,1600,25.4086,25.4185,25.1707,25.2500,77091104
MSFT,20050222,1600,25.0198,25.2576,24.9703,25.0000,96419200
MSFT,20050223,1600,25.0096,25.1186,24.9403,24.9700,83689400
MSFT,20050224,1600,24.9517,25.2094,24.9220,25.1400,85236304
MSFT,20050225,1600,25.0993,25.1488,24.9209,25.0200,62467700
MSFT,20050228,1600,24.9895,25.1381,24.9003,24.9300,82728000
MSFT,20050301,1600,24.9608,25.1788,24.9014,25.0500,56394800
MSFT,20050302,1600,24.9606,25.2480,24.9309,25.0300,67739000
MSFT,20050303,1600,25.0688,25.0787,24.9103,24.9400,52183600
MSFT,20050304,1600,24.9796,25.0688,24.9004,24.9400,63058200
MSFT,20050307,1600,24.9427,25.5571,24.9328,25.2400,80407400
MSFT,20050308,1600,25.1700,25.3880,25.1105,25.1700,52871800
MSFT,20050309,1600,25.1593,25.3376,25.0503,25.0800,62991800
MSFT,20050310,1600,25.2000,25.2495,25.0216,25.2000,59132900
MSFT,20050311,1600,25.2167,25.2464,24.8303,24.8600,60617900
MSFT,20050314,1600,24.8503,24.9196,24.7314,24.8800,65550500
MSFT,20050315,1600,24.8783,25.0171,24.6702,24.6900,71469400
MSFT,20050316,1600,24.5983,24.7470,24.3406,24.4100,74841400
MSFT,20050317,1600,24.4191,24.4587,24.3101,24.3200,60573200
MSFT,20050318,1600,24.3080,24.6846,24.0603,24.0900,135904000
MSFT,20050321,1600,24.1286,24.1385,23.9305,23.9800,71446200
MSFT,20050322,1600,23.9682,24.0474,23.7403,23.7700,102113296
MSFT,20050323,1600,23.7717,24.1681,23.7420,23.9600,79293296
MSFT,20050324,1600,24.0204,24.2483,23.9807,24.0600,78820896
MSFT,20050328,1600,24.1782,24.2475,23.9602,23.9800,49802000
MSFT,20050329,1600,23.9180,24.0171,23.6009,23.7000,74231696
MSFT,20050330,1600,23.8211,23.9697,23.7815,23.9400,59585700
MSFT,20050331,1600,24.0293,24.0887,23.9005,23.9500,62382300
MSFT,20050401,1600,24.0189,24.1279,23.8802,23.9000,64619600
MSFT,20050404,1600,23.8911,24.0397,23.7226,24.0100,62196400
MSFT,20050405,1600,24.0022,24.2797,23.9031,24.2500,73549600
MSFT,20050406,1600,24.2518,24.7176,24.2320,24.4500,78020200
MSFT,20050407,1600,24.4340,24.8997,24.4043,24.8700,77451504
MSFT,20050408,1600,24.8489,25.0273,24.6903,24.7200,47956300
MSFT,20050411,1600,24.7994,24.8787,24.6310,24.7400,47791800
MSFT,20050412,1600,24.6936,25.1197,24.5747,25.0900,67517800
MSFT,20050413,1600,24.9983,25.2162,24.7605,24.8100,60929300
MSFT,20050414,1600,24.7885,24.9173,24.6101,24.6200,66754400
MSFT,20050415,1600,24.3589,24.6760,24.1904,24.2400,100251600
MSFT,20050418,1600,24.2318,24.6183,24.1822,24.4300,75766400
MSFT,20050419,1600,24.4893,24.5785,24.2316,24.4100,65956200
MSFT,20050420,1600,24.4369,24.4766,24.0802,24.1000,91923504
MSFT,20050421,1600,24.2573,25.1590,24.2474,25.0500,93562304
MSFT,20050422,1600,24.8194,25.0175,24.5518,24.7500,80087504
MSFT,20050425,1600,24.8393,25.0473,24.6312,24.7600,75457904
MSFT,20050426,1600,24.7283,25.0256,24.5202,24.5400,60464300
MSFT,20050427,1600,24.4330,24.9185,24.4033,24.7600,47732800
MSFT,20050428,1600,24.5967,24.6958,24.2201,24.2300,83623104
MSFT,20050429,1600,24.6538,25.0700,24.5646,25.0700,98641200
MSFT,20050502,1600,25.0000,25.1288,24.7226,25.0000,54376700
MSFT,20050503,1600,24.9021,25.1696,24.8624,25.1300,67867800
MSFT,20050504,1600,25.1088,25.1683,24.8809,24.9800,86864200
MSFT,20050505,1600,24.9703,25.0991,24.8514,25.0000,59362300
MSFT,20050506,1600,25.0990,25.2476,24.9603,24.9900,64322600
MSFT,20050509,1600,24.9989,25.0980,24.8205,24.8800,61872400
MSFT,20050510,1600,24.8188,24.8584,24.6007,24.6800,62235100
MSFT,20050511,1600,24.6702,24.7495,24.4224,24.6900,59463300
MSFT,20050512,1600,24.6115,24.8790,24.6016,24.7700,74540704
MSFT,20050513,1600,24.8025,25.1493,24.7628,25.0700,77204304
MSFT,20050516,1600,25.0815,25.3499,25.0418,25.3400,50577300
MSFT,20050517,1600,25.1609,25.3498,25.1012,25.3100,39983200
MSFT,20050518,1600,25.3512,25.6892,25.2716,25.5500,71182400
MSFT,20050519,1600,25.6010,25.8992,25.5513,25.7700,52120800
MSFT,20050520,1600,25.7292,25.7690,25.5801,25.5900,64444500
MSFT,20050523,1600,25.5906,25.9187,25.5906,25.7000,75421104
MSFT,20050524,1600,25.6497,25.7292,25.5702,25.6000,61287700
MSFT,20050525,1600,25.5302,25.6196,25.3512,25.5600,35749000
MSFT,20050526,1600,25.6009,25.8494,25.5810,25.7500,50579200
MSFT,20050527,1600,25.6814,25.9399,25.6615,25.9200,54978000
MSFT,20050531,1600,25.8389,25.8787,25.6003,25.6500,46131100
MSFT,20050601,1600,25.5805,25.8489,25.4612,25.6600,54621000
MSFT,20050602,1600,25.5605,25.7096,25.4909,25.6400,27212500
MSFT,20050603,1600,25.5484,25.6578,25.1905,25.2800,79659504
MSFT,20050606,1600,25.2299,25.3492,25.1604,25.2200,40756900
MSFT,20050607,1600,25.1811,25.6781,25.1612,25.3600,54511400
MSFT,20050608,1600,25.3991,25.4687,25.1904,25.2500,45369700
MSFT,20050609,1600,25.2506,25.4594,25.2009,25.3600,52767900
MSFT,20050610,1600,25.3396,25.3695,25.1905,25.2800,39459800
MSFT,20050613,1600,25.2097,25.3389,25.1103,25.1600,49104100
MSFT,20050614,1600,25.1603,25.2895,25.0907,25.2100,44243300
MSFT,20050615,1600,25.2492,25.2591,24.9609,25.1100,50764800
MSFT,20050616,1600,25.0689,25.0789,24.8005,24.8900,65918800
MSFT,20050617,1600,25.1186,25.1385,24.7707,24.8900,90821296
MSFT,20050620,1600,24.8308,25.1290,24.7811,24.9600,50538900
MSFT,20050621,1600,24.9304,25.0398,24.8907,25.0000,81084000
MSFT,20050622,1600,24.9598,25.1089,24.8802,24.9200,60492700
MSFT,20050623,1600,25.0208,25.4682,25.0009,25.1600,105159800
MSFT,20050624,1600,25.0689,25.2478,24.8900,24.8900,57970700
MSFT,20050627,1600,24.9199,25.0988,24.8801,24.9000,61636200
MSFT,20050628,1600,24.9399,25.0492,24.8802,24.9200,53058100
MSFT,20050629,1600,25.0692,25.1686,24.8505,24.9400,55859900
MSFT,20050630,1600,24.9087,24.9882,24.6701,24.6900,82018200
MSFT,20050701,1600,24.6992,24.8383,24.5202,24.5600,69718400
MSFT,20050705,1600,24.5119,25.0387,24.4722,24.8300,61883500
MSFT,20050706,1600,24.8184,24.9277,24.5401,24.5500,64214600
MSFT,20050707,1600,24.4404,24.5697,24.3609,24.5100,80082896
MSFT,20050708,1600,24.4927,24.9698,24.4828,24.9400,56104000
MSFT,20050711,1600,25.0008,25.2295,24.9611,25.1400,61525400
MSFT,20050712,1600,25.0922,25.4699,25.0524,25.4600,63384800
MSFT,20050713,1600,25.3808,25.5995,25.3311,25.5100,44749200
MSFT,20050714,1600,25.6410,25.9492,25.6410,25.8200,69506800
MSFT,20050715,1600,25.8885,25.9482,25.6002,25.6400,56472800
MSFT,20050718,1600,25.5591,25.6386,25.4000,25.4000,39668000
MSFT,20050719,1600,25.6421,26.0995,25.6024,26.0100,113290096
MSFT,20050720,1600,25.8511,26.0798,25.7318,26.0400,71424800
MSFT,20050721,1600,26.1408,26.3198,25.8427,26.2800,112932096
MSFT,20050722,1600,25.8382,26.1861,25.4803,25.5300,97558896
MSFT,20050725,1600,25.5400,25.7488,25.5002,25.5400,45174600
MSFT,20050726,1600,25.5689,25.5888,25.3801,25.3900,51476400
MSFT,20050727,1600,25.4606,25.6495,25.3811,25.5700,57977300
MSFT,20050728,1600,25.6000,25.6994,25.5105,25.6000,44738700
MSFT,20050729,1600,25.6290,25.8477,25.4401,25.4600,59524400
MSFT,20050801,1600,25.6606,25.8992,25.6109,25.7700,61346800
MSFT,20050802,1600,25.7454,26.7395,25.7156,26.6500,137510096
MSFT,20050803,1600,26.6029,27.2689,26.5731,27.0900,139422400
MSFT,20050804,1600,27.0009,27.3389,26.8916,27.1600,91461400
MSFT,20050805,1600,27.1327,27.7790,27.0929,27.6000,82212400
MSFT,20050808,1600,27.6360,27.6758,26.9203,26.9700,77207200
MSFT,20050809,1600,27.0608,27.3491,26.8520,27.1900,64761800
MSFT,20050810,1600,27.2473,27.3367,26.6906,26.7900,62818800
MSFT,20050811,1600,26.8217,27.1398,26.7322,27.1100,48646800
MSFT,20050812,1600,26.9198,26.9795,26.7409,26.8900,52006500
MSFT,20050815,1600,26.9004,27.2195,26.6113,27.0500,45976600
MSFT,20050816,1600,26.9491,27.0588,26.6201,26.6600,46894600
MSFT,20050817,1600,26.7404,27.0694,26.5809,26.8700,52413100
MSFT,20050818,1600,26.8098,26.9992,26.7201,26.7400,40861900
MSFT,20050819,1600,26.7696,26.8294,26.6201,26.6400,36043500
MSFT,20050822,1600,26.7104,27.0892,26.6904,26.8300,41691700
MSFT,20050823,1600,26.7601,26.9894,26.6604,26.7900,48296700
MSFT,20050824,1600,26.7599,27.0790,26.7001,26.7300,63645000
MSFT,20050825,1600,26.8204,27.0098,26.7705,26.9500,39306300
MSFT,20050826,1600,26.9797,26.9997,26.7903,26.8900,36774600
MSFT,20050829,1600,26.7310,27.1498,26.7310,27.0700,52307700
MSFT,20050830,1600,26.9804,27.1499,26.8806,27.1000,55163200
MSFT,20050831,1600,27.0906,27.3598,26.9610,27.3000,65210200
MSFT,20050901,1600,27.2995,27.3094,27.0701,27.1200,75974496
MSFT,20050902,1600,27.1294,27.1893,26.8901,26.9400,52047500
MSFT,20050906,1600,26.9798,27.2091,26.9001,26.9200,46089000
MSFT,20050907,1600,26.8597,27.0292,26.7401,26.7700,44656100
MSFT,20050908,1600,26.7194,26.7992,26.4403,26.5300,52552300
MSFT,20050909,1600,26.5399,26.7393,26.4502,26.5000,41515800
MSFT,20050912,1600,26.5400,26.6696,26.4403,26.5300,40550500
MSFT,20050913,1600,26.4598,26.6792,26.2903,26.4000,63422900
MSFT,20050914,1600,26.4394,26.5590,26.2200,26.2300,54969600
MSFT,20050915,1600,26.2897,26.3495,26.1402,26.1900,60357200
MSFT,20050916,1600,26.2592,26.3190,25.8903,25.9900,187384304
MSFT,20050919,1600,26.0097,26.1892,25.7804,25.9200,61832300
MSFT,20050920,1600,25.9893,26.1388,25.6105,25.7600,61043400
MSFT,20050921,1600,25.7291,25.8289,25.3602,25.4200,68281800
MSFT,20050922,1600,25.4196,25.5293,25.0805,25.2700,71314896
MSFT,20050923,1600,25.2399,25.4693,25.0504,25.2000,66396800
MSFT,20050926,1600,25.3296,25.4194,25.1402,25.2000,56203700
MSFT,20050927,1600,25.2999,25.3797,25.2301,25.2700,48797900
MSFT,20050928,1600,25.3109,25.7894,25.3009,25.5900,71019400
MSFT,20050929,1600,25.5310,25.9198,25.4214,25.8600,66807100
MSFT,20050930,1600,25.8294,25.8693,25.5304,25.6500,57644500
MSFT,20051003,1600,25.6394,25.6594,25.3702,25.4300,55341300
MSFT,20051004,1600,25.2889,25.3189,24.6806,24.9100,151666304
MSFT,20051005,1600,24.9690,24.9789,24.6000,24.6000,73684704
MSFT,20051006,1600,24.5902,24.8794,24.4606,24.6600,81724600
MSFT,20051007,1600,24.6995,24.7693,24.4502,24.5200,50768700
MSFT,20051010,1600,24.5994,24.6094,24.2803,24.3900,48880900
MSFT,20051011,1600,24.4397,24.4796,24.1805,24.3400,76567296
MSFT,20051012,1600,24.4195,24.6288,24.2001,24.2300,71294400
MSFT,20051013,1600,24.2408,24.6596,24.2009,24.5200,70192000
MSFT,20051014,1600,24.6399,24.6598,24.4305,24.6000,53846700
MSFT,20051017,1600,24.6096,24.6195,24.3703,24.4600,46924400
MSFT,20051018,1600,24.4202,24.7593,24.3803,24.5000,69328200
MSFT,20051019,1600,24.4915,25.0200,24.4316,25.0200,66574500
MSFT,20051020,1600,24.9793,25.0590,24.6701,24.7200,58830600
MSFT,20051021,1600,24.8396,24.9294,24.5006,24.7100,69431200
MSFT,20051024,1600,24.8206,25.0300,24.6112,25.0300,51868000
MSFT,20051025,1600,24.8802,25.0597,24.7606,24.9600,41310500
MSFT,20051026,1600,24.9004,25.2594,24.8605,25.0400,58178100
MSFT,20051027,1600,25.1490,25.1988,24.7800,24.7800,61566100
MSFT,20051028,1600,25.0312,25.5298,25.0312,25.4600,106559296
MSFT,20051031,1600,25.5303,25.7197,25.4206,25.6200,75122096
MSFT,20051101,1600,25.5311,26.0196,25.5311,25.8800,71370400
MSFT,20051102,1600,25.8516,26.4199,25.8516,26.3800,75067104
MSFT,20051103,1600,26.5195,26.5594,26.1706,26.3600,73421600
MSFT,20051104,1600,26.4504,26.6298,26.3706,26.5800,57464000
MSFT,20051107,1600,26.6409,26.9998,26.6209,26.9300,77104800
MSFT,20051108,1600,26.8603,27.0996,26.6908,26.9700,60091700
MSFT,20051109,1600,26.8999,27.0694,26.8601,26.8800,59562100
MSFT,20051110,1600,26.8604,27.0698,26.5613,27.0100,73314800
MSFT,20051111,1600,27.0704,27.3097,27.0504,27.2000,51945600
MSFT,20051114,1600,27.2800,27.3598,27.1205,27.2900,67152200
MSFT,20051115,1600,27.3300,27.5400,27.2500,27.5000,65081000
MSFT,20051116,1600,27.4800,27.8800,27.4400,27.7400,86277000
MSFT,20051117,1600,27.8500,28.0000,27.7600,27.9700,91351000
MSFT,20051118,1600,28.1200,28.2500,27.9000,28.0700,75431296
MSFT,20051121,1600,28.0700,28.2400,27.5000,28.1600,65794400
MSFT,20051122,1600,28.0600,28.0800,27.8600,27.9100,104253296
MSFT,20051123,1600,27.9200,28.0900,27.7400,27.9200,70541296
MSFT,20051125,1600,27.8000,27.9400,27.4700,27.7600,44082500
MSFT,20051128,1600,27.7900,27.8500,27.5300,27.7500,57517200
MSFT,20051129,1600,27.7900,27.7900,27.6000,27.6800,62220400
MSFT,20051130,1600,27.6800,27.7700,27.6300,27.6800,55904700
MSFT,20051201,1600,27.7300,28.1000,27.7300,27.8900,61006100
MSFT,20051202,1600,27.8200,28.1000,27.7900,28.0100,42319600
MSFT,20051205,1600,27.9300,28.0200,27.7100,27.8500,47517300
MSFT,20051206,1600,27.9000,27.9200,27.6800,27.6900,65980000
MSFT,20051207,1600,27.6700,27.7500,27.5500,27.7500,55583200
MSFT,20051208,1600,27.7100,27.8100,27.6000,27.6900,63931600
MSFT,20051209,1600,27.7100,27.8300,27.6400,27.7100,48467000
MSFT,20051212,1600,27.7000,27.7500,27.3300,27.4500,63757200
MSFT,20051213,1600,27.2900,27.4300,27.0000,27.1300,104285504
MSFT,20051214,1600,27.0000,27.2400,26.8500,27.0900,65076200
MSFT,20051215,1600,27.0800,27.1100,26.8100,26.9200,79018096
MSFT,20051216,1600,26.8800,27.0800,26.8100,26.9000,88542496
MSFT,20051219,1600,26.8200,26.8700,26.6500,26.8300,68680096
MSFT,20051220,1600,26.7600,26.8800,26.6700,26.8600,62960600
MSFT,20051221,1600,26.8700,26.9100,26.7100,26.7300,75800896
MSFT,20051222,1600,26.7100,26.7800,26.4200,26.5900,91276896
MSFT,20051223,1600,26.5200,26.6700,26.4400,26.6400,30689200
MSFT,20051227,1600,26.6800,26.8500,26.4500,26.4600,37819000
MSFT,20051228,1600,26.5100,26.6600,26.3500,26.3900,35444400
MSFT,20051229,1600,26.4100,26.5000,26.2600,26.2700,34495500
MSFT,20051230,1600,26.1500,26.3100,26.1000,26.1500,49044600
MSFT,20060103,1600,26.2500,27.0000,26.1000,26.8400,79973000
MSFT,20060104,1600,26.7700,27.0800,26.7700,26.9700,57975600
MSFT,20060105,1600,26.9600,27.1300,26.9100,26.9900,48245500
MSFT,20060106,1600,26.8900,27.0000,26.4900,26.9100,100963000
MSFT,20060109,1600,26.9300,27.0700,26.7600,26.8600,55625000
MSFT,20060110,1600,26.6500,27.0200,26.5900,27.0000,64921900
MSFT,20060111,1600,27.0100,27.3900,26.9000,27.2900,70120704
MSFT,20060112,1600,27.2500,27.2600,26.9700,27.1400,45994800
MSFT,20060113,1600,27.0300,27.2500,27.0100,27.1900,41418000
MSFT,20060117,1600,26.9000,27.1900,26.9000,26.9900,58566600
MSFT,20060118,1600,26.7400,26.9800,26.7000,26.8300,52376200
MSFT,20060119,1600,26.8700,27.2400,26.8500,27.0200,60367600
MSFT,20060120,1600,27.0100,27.0100,26.2600,26.4100,79165904
MSFT,20060123,1600,26.4100,26.5300,26.3000,26.3500,47925600
MSFT,20060124,1600,26.3400,26.4500,26.2200,26.2800,63040700
MSFT,20060125,1600,26.4100,26.5700,26.2300,26.4000,59072100
MSFT,20060126,1600,26.5600,26.7200,26.3100,26.5000,69509296
