Ticker,Date,Time,Open,High,Low,Close,Vol
WMT,20030303,1600,48.2746,48.3540,47.4501,47.4700,6663400
WMT,20030304,1600,47.6827,47.6827,46.5900,46.5900,6468100
WMT,20030305,1600,46.5965,47.5600,46.4872,47.5600,7945100
WMT,20030306,1600,47.1297,48.1924,46.7820,47.0800,9160400
WMT,20030307,1600,46.5881,47.8795,46.2901,47.8000,9182800
WMT,20030310,1600,47.4757,47.9227,46.7405,46.8200,6350800
WMT,20030311,1600,47.0860,47.5926,46.4900,46.4900,6988800
WMT,20030312,1600,46.4946,47.1800,46.1867,47.1800,8465800
WMT,20030313,1600,48.1770,49.2399,47.8889,49.2200,10811900
WMT,20030314,1600,49.1691,49.8743,48.7121,49.0300,8820000
WMT,20030317,1600,49.1666,51.6299,49.0276,51.6200,12380400
WMT,20030318,1600,51.3636,52.0689,51.1451,51.9000,10765100
WMT,20030319,1600,52.3024,52.8298,51.7750,52.7900,8942800
WMT,20030320,1600,52.4619,53.0789,51.9445,52.8500,7912700
WMT,20030321,1600,53.0567,54.5891,52.6387,54.4000,12771200
WMT,20030324,1600,54.0909,54.0909,52.2600,52.2600,8444700
WMT,20030325,1600,52.3641,53.4886,52.3144,53.2100,7462100
WMT,20030326,1600,53.0501,53.7069,52.9108,53.0700,6638100
WMT,20030327,1600,52.7327,53.6282,52.6034,53.2700,6972600
WMT,20030328,1600,52.7705,53.2581,52.4222,52.8700,6132000
WMT,20030331,1600,51.4118,52.6954,51.4118,51.7700,8518000
WMT,20030401,1600,51.8416,52.3391,51.2645,52.1600,8706200
WMT,20030402,1600,52.7652,54.0985,52.5363,53.8000,8333000
WMT,20030403,1600,53.5312,54.2974,53.5312,53.7800,7014500
WMT,20030404,1600,53.5340,54.4395,53.5340,54.3300,6139400
WMT,20030407,1600,55.4331,55.4331,54.0102,54.0500,8551000
WMT,20030408,1600,54.1308,54.5786,53.9218,54.2900,6622900
WMT,20030409,1600,54.2757,54.7832,53.2410,53.4300,7519100
WMT,20030410,1600,53.2751,54.3100,52.9667,54.3100,8751900
WMT,20030411,1600,53.8345,54.1828,52.7100,52.7200,10802600
WMT,20030414,1600,52.7184,53.9323,52.3502,52.3900,7625500
WMT,20030415,1600,54.0348,55.2091,53.8060,55.0200,8849200
WMT,20030416,1600,55.0163,55.2153,54.2103,54.2700,7462100
WMT,20030417,1600,54.2742,55.2296,54.1051,55.1400,7225800
WMT,20030421,1600,55.1478,55.1777,54.5010,54.7100,6671600
WMT,20030422,1600,54.2076,55.7199,54.1280,55.7100,8804800
WMT,20030423,1600,55.1229,55.7000,55.1229,55.7000,6521300
WMT,20030424,1600,55.7057,55.7057,54.5116,54.8400,6492900
WMT,20030425,1600,54.8395,55.2076,53.9936,54.7300,7411300
WMT,20030428,1600,54.7254,56.1284,54.2279,55.8100,9186800
WMT,20030429,1600,55.8124,56.7378,55.7627,56.3000,8434500
WMT,20030430,1600,57.2241,57.2241,55.6121,56.0400,12546800
WMT,20030501,1600,56.0381,56.0381,54.8541,55.6600,8090500
WMT,20030502,1600,54.7571,56.0081,54.7472,55.7500,7184600
WMT,20030505,1600,55.7459,55.7459,55.1006,55.1800,7315700
WMT,20030506,1600,55.1824,55.8376,55.1526,55.5100,7562200
WMT,20030507,1600,55.5040,55.5536,54.5807,54.6800,8209100
WMT,20030508,1600,54.2328,55.0468,54.2328,54.6100,9161400
WMT,20030509,1600,55.0525,55.4099,54.0597,55.4000,6498600
WMT,20030512,1600,55.3072,56.5382,55.0292,56.2900,7552500
WMT,20030513,1600,55.3581,55.9140,55.0801,55.0900,9215700
WMT,20030514,1600,55.4757,55.5749,53.5100,53.5100,12075300
WMT,20030515,1600,53.4593,53.9954,53.0424,53.3700,11579800
WMT,20030516,1600,52.7187,53.6619,52.5400,52.5400,10481600
WMT,20030519,1600,52.2588,53.1125,51.8319,52.0900,8629200
WMT,20030520,1600,52.1024,52.8668,52.1024,52.4300,9557300
WMT,20030521,1600,52.4185,52.8156,52.1901,52.2100,6937700
WMT,20030522,1600,52.2718,52.8576,52.2023,52.5200,7459200
WMT,20030523,1600,52.3747,52.3747,51.6300,51.6300,7154000
WMT,20030527,1600,51.6236,52.2193,51.2563,52.1200,15886800
WMT,20030528,1600,52.2253,53.4168,52.2253,52.9700,10737300
WMT,20030529,1600,52.9661,53.5519,52.1818,52.4300,8332800
WMT,20030530,1600,52.3293,53.1334,52.1903,52.2300,11122700
WMT,20030602,1600,52.5764,53.0529,52.0204,52.0800,9538600
WMT,20030603,1600,52.2913,52.4700,51.7452,52.4700,7396300
WMT,20030604,1600,52.5864,53.5991,52.5864,53.4700,9043700
WMT,20030605,1600,52.7209,54.8654,52.7209,54.2300,10604400
WMT,20030606,1600,54.5603,54.9077,53.2300,53.2300,9471700
WMT,20030609,1600,53.5588,53.8666,53.2114,53.4000,5980000
WMT,20030610,1600,54.0126,54.5090,53.9133,54.3700,8273500
WMT,20030611,1600,54.3645,54.9900,53.1037,54.9900,9185300
WMT,20030612,1600,55.1760,55.1859,54.0641,54.6300,7138300
WMT,20030613,1600,54.6133,54.7920,53.5709,53.6900,8265500
WMT,20030616,1600,54.0756,54.8500,53.8076,54.8500,8703700
WMT,20030617,1600,53.9949,54.9777,53.9949,54.6600,6721200
WMT,20030618,1600,54.5422,54.9300,54.3135,54.9300,5705600
WMT,20030619,1600,54.9458,55.0353,54.0209,54.1900,6175100
WMT,20030620,1600,54.4473,54.5070,53.5025,53.9600,12928500
WMT,20030623,1600,53.7483,53.8974,52.3760,53.4400,6252300
WMT,20030624,1600,53.7033,54.6779,53.6536,54.3000,7409200
WMT,20030625,1600,54.4468,55.0535,53.7905,53.8800,8544300
WMT,20030626,1600,53.5033,54.0999,53.5033,54.0900,5681600
WMT,20030627,1600,54.1961,54.4646,53.2116,53.5000,5706800
WMT,20030630,1600,53.6982,54.2650,53.3700,53.3700,7895300
WMT,20030701,1600,53.2047,54.1892,52.7075,54.0500,7440500
WMT,20030702,1600,54.4554,55.4399,54.4554,55.4200,10044600
WMT,20030703,1600,55.1870,55.8333,54.6401,54.6500,4868900
WMT,20030707,1600,55.2952,56.3494,55.2355,56.2400,10770300
WMT,20030708,1600,56.1811,56.4496,55.9325,56.3800,7175300
WMT,20030709,1600,56.3848,56.3848,55.3506,55.4500,7307300
WMT,20030710,1600,54.9222,55.6780,54.4151,55.3200,7519400
WMT,20030711,1600,55.4443,56.7073,55.1658,56.2200,7126600
WMT,20030714,1600,56.9763,57.3741,55.5643,56.3300,9021600
WMT,20030715,1600,56.7613,57.3779,56.6221,57.0000,7759800
WMT,20030716,1600,56.9067,57.1752,56.0218,56.3300,6482300
WMT,20030717,1600,56.2856,56.7629,55.4005,55.4900,6294300
WMT,20030718,1600,56.0834,56.7496,55.6458,56.6800,6635200
WMT,20030721,1600,56.5351,56.6445,55.4213,55.6500,6151900
WMT,20030722,1600,55.7348,56.7988,55.7149,56.5800,6536900
WMT,20030723,1600,56.6077,56.6674,55.6629,56.1900,5202600
WMT,20030724,1600,56.6824,56.6824,55.2902,55.3200,7419000
WMT,20030725,1600,55.2137,55.9794,54.6966,55.8800,6218100
WMT,20030728,1600,55.8798,56.1483,55.1936,55.8500,6179900
WMT,20030729,1600,55.8463,55.9656,54.9413,55.1800,7553600
WMT,20030730,1600,55.4408,55.7093,55.0629,55.5900,5359900
WMT,20030731,1600,55.9381,56.9326,55.6000,55.6000,8921300
WMT,20030801,1600,55.4075,55.6859,54.8904,54.9600,6373400
WMT,20030804,1600,54.4758,55.7885,54.4758,55.5200,6595600
WMT,20030805,1600,55.0894,55.6364,54.9303,54.9900,7424700
WMT,20030806,1600,54.7041,55.9272,54.7041,55.4300,6342800
WMT,20030807,1600,56.1629,57.1772,55.9640,56.6800,13387900
WMT,20030808,1600,57.0025,57.4699,56.8434,57.4500,6622600
WMT,20030811,1600,57.5590,57.9767,56.9623,57.3800,7043200
WMT,20030812,1600,57.7242,58.4700,57.5751,58.4700,6869900
WMT,20030813,1600,58.1776,58.3268,57.5312,57.7500,9404700
WMT,20030814,1600,57.7492,58.1570,57.4310,57.6100,6681400
WMT,20030815,1600,57.7303,57.8596,57.4319,57.7800,3235400
WMT,20030818,1600,58.1724,58.8187,58.0530,58.5900,6811600
WMT,20030819,1600,58.7190,58.7190,58.0727,58.5500,5327000
WMT,20030820,1600,58.1219,58.7682,58.0821,58.4500,3941900
WMT,20030821,1600,58.4324,59.0987,58.3827,58.8600,5906400
WMT,20030822,1600,59.1143,59.1541,58.0701,58.0800,6936500
WMT,20030825,1600,58.0739,58.7700,58.0043,58.7700,6045400
WMT,20030826,1600,58.4021,59.0186,58.0441,58.7700,6746000
WMT,20030827,1600,58.9192,59.0385,58.7701,58.7800,4992700
WMT,20030828,1600,58.9203,59.1192,58.5324,58.9700,4802800
WMT,20030829,1600,58.7207,58.9892,58.3826,58.8400,5177400
WMT,20030902,1600,58.6353,59.6198,58.5955,59.5900,6733800
WMT,20030903,1600,59.6202,59.7693,59.0334,59.6500,7628000
WMT,20030904,1600,59.7202,59.8693,59.4119,59.7500,9906400
WMT,20030905,1600,58.7688,58.8782,58.1722,58.5600,10593500
WMT,20030908,1600,58.2202,58.3097,57.7230,58.2600,8558000
WMT,20030909,1600,58.2415,58.2415,56.5809,56.7400,10107500
WMT,20030910,1600,56.2416,57.1565,56.2416,56.5300,10847200
WMT,20030911,1600,56.7822,57.5479,56.6927,57.1800,8395300
WMT,20030912,1600,56.8617,57.2097,56.4042,57.1600,7970800
WMT,20030915,1600,57.1814,57.7283,57.1814,57.4300,6077000
WMT,20030916,1600,57.6525,58.1995,57.3839,58.1000,6259800
WMT,20030917,1600,57.8468,58.1749,57.2700,57.2700,6701500
WMT,20030918,1600,57.2850,58.1600,57.2850,58.1600,7511900
WMT,20030919,1600,57.2233,58.1681,57.2233,57.8200,8365300
WMT,20030922,1600,57.3665,57.4262,56.4318,56.7500,9250900
WMT,20030923,1600,56.9718,57.5884,56.8724,57.3000,6602600
WMT,20030924,1600,56.9067,57.1852,56.2404,56.3100,7978800
WMT,20030925,1600,56.2717,57.1567,56.2717,56.5700,7543200
WMT,20030926,1600,56.3806,56.7684,56.2911,56.4800,6575200
WMT,20030929,1600,56.9498,57.0293,56.1542,56.9100,8669300
WMT,20030930,1600,56.5643,57.0317,55.4903,55.5400,12824700
WMT,20031001,1600,55.7058,56.7798,55.6959,56.7400,10932700
WMT,20031002,1600,56.7404,56.9097,56.2922,56.8300,6188700
WMT,20031003,1600,57.7181,57.9870,57.1404,57.2500,9632800
WMT,20031006,1600,57.3417,58.2182,57.2620,57.7600,4122700
WMT,20031007,1600,57.5047,58.6600,57.4748,58.6600,7145400
WMT,20031008,1600,58.7681,58.7880,58.0111,58.2900,5576700
WMT,20031009,1600,58.9391,59.1682,58.2818,58.7200,8126700
WMT,20031010,1600,58.2199,58.7578,58.1402,58.1900,4819900
WMT,20031013,1600,58.1921,58.9490,58.1921,58.7100,4566200
WMT,20031014,1600,58.6319,59.3091,58.4426,59.0900,5283000
WMT,20031015,1600,59.0989,59.0989,58.4117,58.8300,6727300
WMT,20031016,1600,58.9309,59.3990,58.7118,59.1500,6838000
WMT,20031017,1600,59.3670,59.3969,58.4108,58.6100,7193000
WMT,20031020,1600,58.7600,58.8994,58.3118,58.7600,6845900
WMT,20031021,1600,58.6105,59.2280,58.4113,58.7300,5272900
WMT,20031022,1600,58.7371,58.7371,57.8208,58.0100,5510800
WMT,20031023,1600,57.9222,58.5198,57.9222,58.4700,6418100
WMT,20031024,1600,58.4776,58.4776,56.7744,57.8800,8478400
WMT,20031027,1600,57.8787,58.2074,57.5202,57.5600,7014800
WMT,20031028,1600,57.5638,58.5400,57.5538,58.5300,8032200
WMT,20031029,1600,58.3212,58.7296,58.0921,58.6200,5386600
WMT,20031030,1600,58.6198,58.9186,58.3110,58.5700,6114500
WMT,20031031,1600,58.5606,58.9391,58.5208,58.7100,5913300
WMT,20031103,1600,58.5311,59.6864,58.2821,58.8000,5486800
WMT,20031104,1600,58.5894,58.6691,58.1212,58.4300,7646000
WMT,20031105,1600,58.4271,58.4370,57.5306,57.6900,7967500
WMT,20031106,1600,57.6927,58.4696,57.5234,58.3800,7996500
WMT,20031107,1600,58.5187,58.5685,57.9808,58.1900,6617700
WMT,20031110,1600,58.1191,58.2386,57.6011,57.8900,5579200
WMT,20031111,1600,57.9006,58.2393,57.7113,58.0500,4936200
WMT,20031112,1600,58.0487,58.1185,57.5906,57.7300,8613300
WMT,20031113,1600,56.1267,56.1765,55.1805,55.3000,27996900
WMT,20031114,1600,55.2979,55.7262,54.2820,54.7800,16168500
WMT,20031117,1600,54.7800,54.7900,54.1426,54.7800,10353100
WMT,20031118,1600,54.7888,55.0777,54.3108,54.5000,10099500
WMT,20031119,1600,54.3824,55.1195,54.3326,54.9900,7160200
WMT,20031120,1600,54.9297,55.3679,54.7404,54.8500,8741100
WMT,20031121,1600,54.9784,55.0083,54.4506,54.5900,8607200
WMT,20031124,1600,54.9336,55.9397,54.8838,55.8600,10144800
WMT,20031125,1600,55.7802,56.0391,55.5411,55.8200,8085600
WMT,20031126,1600,55.7987,55.9780,54.9720,55.4800,7017000
WMT,20031128,1600,55.3802,55.7786,55.2905,55.4200,3167600
WMT,20031201,1600,55.4154,55.4353,53.7322,54.2800,19745300
WMT,20031202,1600,54.1148,54.3339,52.7801,52.8100,21667700
WMT,20031203,1600,53.0776,53.5059,52.4700,52.4800,17702600
WMT,20031204,1600,52.9295,53.0192,51.9335,52.8100,17592500
WMT,20031205,1600,52.6425,53.4393,52.4931,53.2700,13538800
WMT,20031208,1600,53.2697,53.3892,52.7916,53.1900,10426300
WMT,20031209,1600,53.2864,53.3163,52.3402,52.4000,9983400
WMT,20031210,1600,52.6902,53.0388,52.3515,52.7400,9713600
WMT,20031211,1600,52.9386,53.3271,52.5303,52.6000,11684400
WMT,20031212,1600,52.7681,52.7880,51.8020,52.2900,11523500
WMT,20031215,1600,52.8608,52.8608,50.3009,50.5400,24709700
WMT,20031216,1600,50.7916,51.2796,50.3932,51.1800,16733300
WMT,20031217,1600,51.1914,52.2788,51.1315,51.7800,16365300
WMT,20031218,1600,52.7693,53.0886,52.4102,52.4800,15363100
WMT,20031219,1600,52.5692,52.8885,52.2200,52.2300,14488100
WMT,20031222,1600,51.9822,53.0797,51.9622,52.9500,11428700
WMT,20031223,1600,52.7797,53.1987,52.4006,52.6500,9912100
WMT,20031224,1600,52.7091,52.8288,52.1404,52.3200,3627900
WMT,20031226,1600,52.2005,52.9088,52.2005,52.4000,3119300
WMT,20031229,1600,52.5605,52.7800,52.1514,52.7800,7835600
WMT,20031230,1600,52.8296,52.9992,52.4006,52.6600,6140200
WMT,20031231,1600,52.8302,53.0497,52.5808,52.9300,6764200
WMT,20040102,1600,53.2276,53.2775,52.0104,52.1800,8793900
WMT,20040105,1600,52.6784,52.6784,51.4612,52.0000,13451400
WMT,20040106,1600,52.2322,53.2799,52.1823,53.2200,13314500
WMT,20040107,1600,53.2203,53.3899,52.6915,53.3600,12228900
WMT,20040108,1600,54.0180,54.2076,52.7808,53.1400,13433600
WMT,20040109,1600,53.0283,53.0283,52.1503,52.2800,11081500
WMT,20040112,1600,52.4798,52.6793,51.9809,52.3900,8949500
WMT,20040113,1600,52.2708,52.6400,51.9915,52.6400,8477100
WMT,20040114,1600,52.6409,53.0599,52.6409,53.0200,7812600
WMT,20040115,1600,53.0507,53.5197,52.4820,53.3700,10128000
WMT,20040116,1600,53.5296,53.6294,53.0108,53.3600,9719600
WMT,20040120,1600,53.1593,53.3289,52.6504,52.8300,7981500
WMT,20040121,1600,52.7812,53.4098,52.7812,53.3300,9061200
WMT,20040122,1600,53.3693,53.5489,52.8305,53.0600,7656000
WMT,20040123,1600,53.3616,54.3195,52.9625,54.0900,12559400
WMT,20040126,1600,54.1009,54.5598,53.6518,54.4900,9147300
WMT,20040127,1600,54.3798,54.8289,54.2402,54.3100,9527000
WMT,20040128,1600,54.3174,54.4670,53.0103,53.1500,10027500
WMT,20040129,1600,53.2624,54.3800,53.1128,54.3600,10501300
WMT,20040130,1600,54.1291,54.5781,53.7200,53.7300,7812000
WMT,20040202,1600,54.0811,54.8594,54.0312,54.5700,11783300
WMT,20040203,1600,54.5707,55.0297,54.3811,54.8900,8271100
WMT,20040204,1600,54.8310,55.8288,54.8010,55.2700,11641500
WMT,20040205,1600,55.7109,56.4093,55.6411,56.1200,12572400
WMT,20040206,1600,56.3724,57.4600,56.0831,57.4500,15102100
WMT,20040209,1600,56.9206,57.4095,56.9106,57.1900,8420600
WMT,20040210,1600,57.0209,57.4698,56.6916,57.4000,9199800
WMT,20040211,1600,57.5686,58.1672,56.7804,56.9400,10602500
WMT,20040212,1600,56.6405,57.3189,56.6205,56.8500,7976000
WMT,20040213,1600,57.1977,57.1977,56.0603,56.1900,7133200
WMT,20040217,1600,57.2503,57.7093,56.3524,57.3900,7694700
WMT,20040218,1600,57.4691,57.5190,56.5612,57.0700,7989400
WMT,20040219,1600,58.0704,58.8187,57.5715,58.2500,20616400
WMT,20040220,1600,58.5716,59.4197,58.4818,59.3000,16842000
WMT,20040223,1600,59.3113,60.0198,59.0918,59.9200,20399700
WMT,20040224,1600,59.8200,59.8699,59.3211,59.8200,13778300
WMT,20040225,1600,59.6203,59.8697,59.3110,59.7500,12299400
WMT,20040226,1600,59.3897,59.5993,59.0006,59.2700,10462900
WMT,20040227,1600,59.2703,59.9489,59.1207,59.4300,12633900
WMT,20040301,1600,59.5318,60.3798,59.4121,60.3100,10803900
WMT,20040302,1600,60.2681,60.2781,59.3502,59.4200,10771900
WMT,20040303,1600,59.4119,60.4495,59.3321,60.2200,10007800
WMT,20040304,1600,60.6706,61.1694,59.9722,60.9100,11159600
WMT,20040305,1600,60.6587,60.6687,60.0601,60.1000,9863800
WMT,20040308,1600,59.9109,60.8388,59.8810,60.3200,8077800
WMT,20040309,1600,60.0602,60.7087,59.9205,60.1400,9767300
WMT,20040310,1600,59.8174,60.1267,58.5602,58.6300,13751700
WMT,20040311,1600,58.1791,58.6979,57.4707,57.7700,14920600
WMT,20040312,1600,57.8611,58.3899,57.7713,58.3500,9203700
WMT,20040315,1600,57.9197,58.6580,57.5405,57.7700,10799900
WMT,20040316,1600,58.0695,58.2491,57.1416,57.8400,7986000
WMT,20040317,1600,57.9700,59.1300,57.9700,58.3500,7981000
WMT,20040318,1600,58.1500,59.1900,57.9600,58.9400,9070400
WMT,20040319,1600,58.8500,59.1000,58.4700,58.6000,8965300
WMT,20040322,1600,58.3000,58.5000,57.5500,58.1000,9077200
WMT,20040323,1600,58.1600,58.8000,57.9300,58.2100,9325000
WMT,20040324,1600,58.2900,59.4200,58.1700,58.5800,9530300
WMT,20040325,1600,59.2500,59.9700,59.1600,59.8200,11043800
WMT,20040326,1600,59.7000,59.9600,59.3000,59.4100,6867600
WMT,20040329,1600,59.6500,60.4500,59.6300,60.1300,8420400
WMT,20040330,1600,59.9000,60.2400,59.8100,60.0000,6470300
WMT,20040331,1600,59.8300,60.0700,59.5000,59.6900,8472000
WMT,20040401,1600,58.7500,59.6900,58.1000,58.3500,14494400
WMT,20040402,1600,59.0000,60.1400,58.3000,58.6000,10625100
WMT,20040405,1600,58.5600,59.2800,58.1400,58.6400,8421400
WMT,20040406,1600,58.5000,59.0700,58.4000,59.0200,6902200
WMT,20040407,1600,58.7000,58.7900,57.9500,57.9800,10385200
WMT,20040408,1600,57.9900,58.1000,56.1500,56.6900,14725900
WMT,20040412,1600,56.8000,57.4300,56.8000,57.3400,7161800
WMT,20040413,1600,57.4000,57.6000,56.3300,56.4700,13147900
WMT,20040414,1600,56.4800,57.4900,56.3900,57.4200,10070200
WMT,20040415,1600,57.4300,58.1000,57.1100,57.7900,8682600
WMT,20040416,1600,58.2000,58.7000,57.7300,58.4400,8850200
WMT,20040419,1600,58.0000,58.7000,57.9400,58.3700,7265800
WMT,20040420,1600,58.5000,59.1500,58.1000,58.1000,8164300
WMT,20040421,1600,57.2000,58.5800,57.2000,58.3500,6540600
WMT,20040422,1600,58.2500,58.7000,57.7200,58.6000,10065100
WMT,20040423,1600,58.2300,59.1200,58.0700,58.9700,6396600
WMT,20040426,1600,58.7700,59.1400,57.9600,58.1400,7017100
WMT,20040427,1600,58.1500,59.0800,58.1500,58.6000,8613100
WMT,20040428,1600,58.2100,58.7200,57.8800,57.9800,8523400
WMT,20040429,1600,58.0800,58.3500,56.9900,57.5700,8689700
WMT,20040430,1600,57.7700,58.0500,56.8700,57.0000,8538400
WMT,20040503,1600,57.0000,57.5200,56.0800,56.5400,11194000
WMT,20040504,1600,56.6000,56.7600,55.5500,56.0000,12762100
WMT,20040505,1600,55.9000,56.3500,55.8400,55.8600,8765400
WMT,20040506,1600,55.8000,55.8000,54.4200,54.5800,16024600
WMT,20040507,1600,54.4400,55.0900,53.6000,53.9000,13932400
WMT,20040510,1600,53.5000,55.3500,53.5000,55.2200,14234900
WMT,20040511,1600,55.2200,55.6800,54.2200,54.5300,9647900
WMT,20040512,1600,54.1000,55.0900,53.4500,55.0600,12188100
WMT,20040513,1600,55.0600,55.6200,53.8000,55.1000,10868700
WMT,20040514,1600,55.1694,55.5685,54.5309,54.9300,8573600
WMT,20040517,1600,54.5201,55.1187,54.0113,54.5700,8432000
WMT,20040518,1600,54.9204,55.5090,54.8805,55.0800,8850600
WMT,20040519,1600,55.6200,56.0800,54.7500,54.7800,10540100
WMT,20040520,1600,54.7800,55.0400,54.0500,54.8400,7449000
WMT,20040521,1600,55.0000,55.7000,54.8400,55.0900,8585500
WMT,20040524,1600,55.2700,55.6800,54.4400,54.9900,9549500
WMT,20040525,1600,54.8400,55.5800,54.5100,55.4900,8567400
WMT,20040526,1600,55.2000,55.4800,54.9000,55.2800,6675900
WMT,20040527,1600,55.5000,56.3900,55.5000,55.9700,9867400
WMT,20040528,1600,55.9700,56.0500,55.7000,55.7300,6163100
WMT,20040601,1600,55.4500,55.7000,54.9000,55.4400,7995200
WMT,20040602,1600,55.4400,56.6900,55.1900,56.3500,10183500
WMT,20040603,1600,56.0500,57.4700,56.0500,56.6000,9752900
WMT,20040604,1600,57.0500,57.3500,56.3800,56.5900,7143400
WMT,20040607,1600,56.7100,57.5500,56.5800,57.5000,7013800
WMT,20040608,1600,57.2500,57.8300,57.1200,57.6800,6971400
WMT,20040609,1600,57.5000,57.7500,56.9900,57.0300,5774100
WMT,20040610,1600,57.4300,57.6100,56.6500,57.2000,6281500
WMT,20040614,1600,56.7000,56.8500,56.0700,56.3800,6351900
WMT,20040615,1600,56.6500,57.0000,56.5400,56.7100,8709200
WMT,20040616,1600,56.7000,56.7100,56.2000,56.3000,3140300
WMT,20040617,1600,56.0000,56.2900,55.6800,55.8500,5242900
WMT,20040618,1600,55.8200,56.1100,55.4500,55.6200,12948600
WMT,20040621,1600,55.2000,55.8700,54.8700,54.9300,8005500
WMT,20040622,1600,54.1700,54.7500,53.7300,54.0600,14242100
WMT,20040623,1600,54.0600,54.0700,52.5900,53.5500,23287300
WMT,20040624,1600,53.5800,53.8600,53.0400,53.1000,8275100
WMT,20040625,1600,53.6900,54.0900,52.5100,52.5100,14361300
WMT,20040628,1600,52.4100,53.2600,52.1000,52.4600,14806500
WMT,20040629,1600,52.2100,52.5100,51.9300,51.9800,15237800
WMT,20040630,1600,52.1000,53.0000,52.0200,52.7600,14128100
WMT,20040701,1600,53.1000,53.2000,51.5500,51.7600,16904300
WMT,20040702,1600,52.0000,52.4500,51.5100,51.9300,12181600
WMT,20040706,1600,51.8000,52.4200,51.5800,52.0800,10446500
WMT,20040707,1600,52.1500,52.7600,52.1500,52.3200,9751600
WMT,20040708,1600,51.9000,52.5200,51.8100,52.1800,11839200
WMT,20040709,1600,52.2000,52.6300,51.7100,51.7600,9179200
WMT,20040712,1600,51.7200,52.3200,51.5000,52.2100,8376800
WMT,20040713,1600,52.2300,53.1000,52.2300,53.0100,10684700
WMT,20040714,1600,52.6300,53.3000,52.3600,52.5800,9203000
WMT,20040715,1600,52.8300,52.9400,52.2100,52.3300,6787900
WMT,20040716,1600,52.7500,52.9500,52.2500,52.6500,11396400
WMT,20040719,1600,52.6600,53.3000,52.6600,52.8600,9624500
WMT,20040720,1600,52.5000,53.4100,52.5000,53.2400,8420700
WMT,20040721,1600,53.3600,53.9000,53.1100,53.1200,10407300
WMT,20040722,1600,52.7500,53.1500,52.1600,52.9100,10228300
WMT,20040723,1600,52.9000,53.8900,52.8700,53.1600,9120100
WMT,20040726,1600,53.1000,53.1400,52.1700,52.6500,7829800
WMT,20040727,1600,52.9800,53.9300,52.8800,53.9000,9634900
WMT,20040728,1600,53.8800,54.0600,52.7600,53.9100,9943200
WMT,20040729,1600,54.0800,54.1900,53.1300,53.4800,8777900
WMT,20040730,1600,53.3500,53.3800,52.5300,53.0100,8957100
WMT,20040802,1600,53.0200,53.7300,52.8500,53.1800,7131700
WMT,20040803,1600,53.0100,53.1100,52.5300,52.8700,8798300
WMT,20040804,1600,52.4900,53.3200,52.4800,53.2500,3749500
WMT,20040805,1600,53.0000,53.2500,52.0000,52.0500,9763000
WMT,20040806,1600,52.0000,52.0200,51.1400,51.3300,11393300
WMT,20040809,1600,51.2000,51.7500,51.0800,51.3700,7222400
WMT,20040810,1600,51.7000,51.8100,51.6000,51.7900,991400
WMT,20040811,1600,51.9500,52.1900,51.5200,51.6300,8614500
WMT,20040812,1600,52.5800,53.3900,52.4800,52.6500,14352600
WMT,20040813,1600,52.9800,53.5000,52.8500,53.4000,9930900
WMT,20040816,1600,53.5000,54.3000,53.4500,54.3000,7758600
WMT,20040817,1600,54.3900,54.9700,53.7200,54.9700,11527900
WMT,20040818,1600,54.7000,54.7100,54.1100,54.4600,7682600
WMT,20040819,1600,54.2400,54.9500,54.0300,54.8600,10535200
WMT,20040820,1600,54.6900,54.8500,54.4000,54.6500,8795200
WMT,20040823,1600,53.8200,53.9700,53.2400,53.8000,11165400
WMT,20040824,1600,53.9500,54.1800,53.6300,53.8600,6676400
WMT,20040825,1600,53.9500,54.2900,53.5700,54.1000,7307200
WMT,20040826,1600,54.0000,54.2900,53.8300,53.8800,4747800
WMT,20040827,1600,53.8200,54.0200,53.5300,53.5600,4586400
WMT,20040830,1600,53.5500,53.8300,53.1600,53.2000,5506700
WMT,20040831,1600,53.2100,53.6100,52.4500,52.6700,8669200
WMT,20040901,1600,52.4600,52.9400,52.3600,52.3600,3197800
WMT,20040902,1600,52.1000,53.1800,52.1000,53.0200,12361700
WMT,20040903,1600,53.2500,53.9600,53.1000,53.2500,8373600
WMT,20040907,1600,53.1500,53.4300,52.6100,53.2900,9391600
WMT,20040908,1600,53.0500,53.5600,53.0000,53.3100,5408100
WMT,20040909,1600,53.0800,53.3500,52.5100,52.5700,9019700
WMT,20040910,1600,52.5100,53.5900,52.2500,53.4500,9178900
WMT,20040913,1600,53.6200,53.9100,53.1600,53.3500,8686100
WMT,20040914,1600,53.5500,53.6100,53.1100,53.2200,7134900
WMT,20040915,1600,53.2600,53.3500,51.6100,52.9400,2608500
WMT,20040916,1600,52.8000,53.0800,52.4900,52.7700,9734300
WMT,20040917,1600,52.7800,52.9700,52.1400,52.4800,16822100
WMT,20040920,1600,52.1300,52.3500,52.0100,52.2000,8381400
WMT,20040921,1600,52.6200,52.8000,52.2000,52.2600,10187200
WMT,20040922,1600,52.0200,52.1800,51.5600,51.6700,10760400
WMT,20040923,1600,52.2600,52.9000,51.1000,52.5400,13508500
WMT,20040924,1600,52.7500,53.2400,52.5600,52.8100,7935400
WMT,20040927,1600,53.0100,53.3400,52.5100,52.5200,8999100
WMT,20040928,1600,52.7200,52.9000,52.2000,52.7800,8469500
WMT,20040929,1600,52.6000,53.0300,52.2900,53.0000,12199800
WMT,20040930,1600,52.6200,53.4500,52.6200,53.2000,12383800
WMT,20041001,1600,53.5000,53.7700,52.9200,53.1300,9168000
WMT,20041004,1600,53.5600,53.9800,53.3000,53.3100,8775500
WMT,20041005,1600,53.2000,53.6200,52.9200,53.4100,9727300
WMT,20041006,1600,53.4100,53.9900,53.2600,53.9800,7806000
WMT,20041007,1600,53.4800,54.3800,53.4800,53.5500,8037500
WMT,20041008,1600,53.4100,53.5400,52.6400,52.8500,11804700
WMT,20041011,1600,53.0700,53.0900,52.5000,52.9000,6490300
WMT,20041012,1600,52.5200,52.9900,52.5200,52.9200,7524500
WMT,20041013,1600,53.0000,53.3200,52.3500,52.5500,7995400
WMT,20041014,1600,52.6200,52.6600,52.0600,52.1000,8650500
WMT,20041015,1600,52.5400,53.0800,52.2500,52.5300,9929200
WMT,20041018,1600,52.4500,53.1700,52.3500,52.9200,7844300
WMT,20041019,1600,53.0200,53.3600,52.8300,52.9000,3344400
WMT,20041020,1600,52.6400,52.9300,52.3600,52.5000,4335200
WMT,20041021,1600,52.4200,52.6100,52.0100,52.1100,9699800
WMT,20041022,1600,52.3200,52.4800,51.9400,51.9900,8629200
WMT,20041025,1600,52.1500,52.4100,51.9100,52.3000,8345200
WMT,20041026,1600,52.3000,52.9500,52.2300,52.8200,8918700
WMT,20041027,1600,52.5100,53.7900,52.5000,53.7200,11726100
WMT,20041028,1600,53.7100,54.3400,53.7000,53.9900,8409700
WMT,20041029,1600,53.8200,54.3100,53.6000,53.9200,10008500
WMT,20041101,1600,53.9200,53.9200,53.4900,53.8500,9007600
WMT,20041102,1600,53.0500,54.6700,53.0500,54.1500,10801500
WMT,20041103,1600,54.7800,54.8600,53.9100,54.4800,11113700
WMT,20041104,1600,54.3000,56.3500,54.1800,56.2600,16599500
WMT,20041105,1600,56.5000,56.9500,56.3400,56.4700,12389700
WMT,20041108,1600,56.4700,56.9700,56.2100,56.5300,9228300
WMT,20041109,1600,56.7000,56.7800,55.9500,56.3700,5878000
WMT,20041110,1600,55.5749,55.8803,55.2300,55.2300,6305400
WMT,20041111,1600,55.6126,55.9772,55.2973,55.7900,7085000
WMT,20041112,1600,55.6948,56.0988,55.5864,56.0200,6491100
WMT,20041115,1600,56.0618,57.0372,55.9436,56.8500,10319400
WMT,20041116,1600,56.1684,56.3162,55.8334,56.0600,12232200
WMT,20041117,1600,56.5138,56.5138,55.0357,55.4200,16166700
WMT,20041118,1600,55.4135,55.6007,54.6351,54.9800,11294700
WMT,20041119,1600,55.0312,55.0312,54.3513,54.4400,9847000
WMT,20041122,1600,54.6629,55.0669,54.0225,54.8600,8941000
WMT,20041123,1600,54.6329,55.1256,54.5344,54.8300,8970900
WMT,20041124,1600,55.1334,55.1334,54.3845,54.6900,7191600
WMT,20041126,1600,54.4903,54.9239,54.4903,54.5100,3555200
WMT,20041129,1600,52.9612,53.1090,52.3207,52.3700,25158000
WMT,20041130,1600,52.4234,52.4529,51.3000,51.3000,27650900
WMT,20041201,1600,51.7347,52.2175,51.5869,52.0500,19990300
WMT,20041202,1600,51.8062,52.4860,51.3825,52.2200,16154400
WMT,20041203,1600,52.1303,52.6919,51.9924,52.1500,11286800
WMT,20041206,1600,52.1540,52.1540,51.7500,51.7500,9072100
WMT,20041207,1600,51.7399,52.3212,51.5625,51.7300,9549500
WMT,20041208,1600,51.4838,51.7794,51.3360,51.7400,10574800
WMT,20041209,1600,51.3595,52.1182,51.3595,52.0000,11553300
WMT,20041210,1600,51.6838,52.3046,51.6641,51.9400,8439000
WMT,20041213,1600,51.9434,52.3966,51.7266,52.1700,9796500
WMT,20041214,1600,52.0796,52.8483,52.0008,52.7300,10210500
WMT,20041215,1600,52.7257,52.9924,52.1528,52.3800,11717600
WMT,20041216,1600,52.1494,52.2975,51.8827,52.1000,8849600
WMT,20041217,1600,51.4985,52.1899,51.3602,51.3800,17717900
WMT,20041220,1600,51.6489,52.0539,51.4909,51.5600,9477100
WMT,20041221,1600,51.5649,51.9600,51.5451,51.9600,9294400
WMT,20041222,1600,51.7076,52.5966,51.6879,52.3200,12506000
WMT,20041223,1600,52.2656,52.5126,51.9100,51.9100,8369500
WMT,20041227,1600,52.3968,52.8314,52.0807,52.1400,9692300
WMT,20041228,1600,52.2046,52.7479,52.1948,52.5800,6617700
WMT,20041229,1600,52.5726,52.8294,52.5528,52.7800,5782200
WMT,20041230,1600,52.9730,52.9730,52.3705,52.4100,6585600
WMT,20041231,1600,52.4169,52.5256,51.9132,52.1700,8406700
WMT,20050103,1600,53.0951,53.6384,52.6506,52.7000,16078400
WMT,20050104,1600,53.1133,53.2318,52.3724,52.5700,10596700
WMT,20050105,1600,52.8474,52.9857,52.4622,52.6400,8241500
WMT,20050106,1600,53.2418,53.5283,52.5010,53.3900,14028800
WMT,20050107,1600,53.3893,53.6658,53.0929,53.3300,9660300
WMT,20050110,1600,53.1390,53.6625,52.9316,53.0600,8654000
WMT,20050111,1600,52.9201,53.0880,52.7621,52.9300,6663400
WMT,20050112,1600,52.9360,53.4793,52.7483,53.4200,8336900
WMT,20050113,1600,53.4343,53.5331,52.8615,52.9800,9589100
WMT,20050114,1600,52.9744,53.3991,52.8361,53.3300,7486700
WMT,20050118,1600,52.9409,53.8299,52.8718,53.8200,9895600
WMT,20050119,1600,53.6237,53.9299,53.0904,53.1200,6947300
WMT,20050120,1600,53.0657,53.5103,52.6509,52.7200,9002000
WMT,20050121,1600,52.6860,52.8242,52.3501,52.3600,8581200
WMT,20050124,1600,52.3706,52.6274,52.1237,52.4200,8577100
WMT,20050125,1600,52.5411,52.7979,52.4621,52.6300,6419000
WMT,20050126,1600,52.6991,53.0350,52.5707,52.6300,7178600
WMT,20050127,1600,52.4102,52.7263,52.2226,52.4300,6634100
WMT,20050128,1600,52.2543,52.2740,51.6616,51.7900,11121500
WMT,20050131,1600,51.9082,52.2539,51.5822,51.7600,10231500
WMT,20050201,1600,51.7626,52.3059,51.7132,51.9700,10191700
WMT,20050202,1600,51.9853,52.6471,51.9853,52.4100,9210600
WMT,20050203,1600,52.3847,52.7898,52.3749,52.7700,7761800
WMT,20050204,1600,52.7407,52.9185,52.4741,52.8000,7447300
WMT,20050207,1600,53.0377,53.0772,52.7907,52.8500,6241000
WMT,20050208,1600,52.6488,52.9155,52.5500,52.5500,5760100
WMT,20050209,1600,52.2159,52.4431,51.6330,51.8800,8400200
WMT,20050210,1600,51.8176,52.1830,51.5904,51.6200,9131700
WMT,20050211,1600,51.4699,51.9835,51.4600,51.4600,10429600
WMT,20050214,1600,51.6582,51.8656,51.4606,51.5100,7799400
WMT,20050215,1600,51.9414,52.3068,51.7241,52.0500,9483500
WMT,20050216,1600,52.0983,52.3057,51.9007,51.9600,7572200
WMT,20050217,1600,52.2377,52.3858,51.6846,52.0500,14965300
WMT,20050218,1600,52.1589,52.3465,51.9910,52.0700,9764100
WMT,20050222,1600,51.9526,52.0316,51.3304,51.3600,11491200
WMT,20050223,1600,51.3948,51.4837,50.6144,50.9700,13645700
WMT,20050224,1600,51.1164,51.1757,50.6423,50.8300,9931800
WMT,20050225,1600,50.7711,50.8600,50.4748,50.8600,11468000
WMT,20050228,1600,51.1677,51.6517,50.9701,50.9800,10864900
WMT,20050301,1600,51.3704,51.6667,51.2815,51.4000,10462800
WMT,20050302,1600,51.3989,51.7643,51.1618,51.3100,9118200
WMT,20050303,1600,52.1507,52.5261,52.0223,52.2100,19475800
WMT,20050304,1600,52.5587,52.8352,52.3018,52.4500,11556300
WMT,20050307,1600,52.4461,52.7029,51.9423,52.1300,10268600
WMT,20050308,1600,51.9578,52.1060,51.6121,51.7800,9411100
WMT,20050309,1600,51.7606,51.9483,51.6421,51.8100,10108200
WMT,20050310,1600,51.8063,51.9150,51.4310,51.5100,8096500
WMT,20050311,1600,51.5923,51.6022,50.8416,50.9700,9248600
WMT,20050314,1600,51.1441,51.3021,50.5120,50.6700,15325500
WMT,20050315,1600,50.9136,51.0123,50.3802,50.4000,13994200
WMT,20050316,1600,50.4438,51.0679,50.3844,50.8500,17478600
WMT,20050317,1600,51.0277,51.9391,50.9187,51.8400,19034200
WMT,20050318,1600,51.8517,51.8517,50.9700,50.9700,86798704
WMT,20050321,1600,51.0367,51.2745,50.6405,50.6900,22030400
WMT,20050322,1600,50.6875,50.8559,50.3705,50.4200,18045000
WMT,20050323,1600,50.4277,50.7051,50.1106,50.1800,17582700
WMT,20050324,1600,50.5467,50.5566,50.0513,50.1900,12503700
WMT,20050328,1600,50.1831,50.6982,50.0345,50.5100,12244000
WMT,20050329,1600,50.4288,50.7954,50.2604,50.3000,13902900
WMT,20050330,1600,50.4194,50.6968,50.2213,50.3600,11150600
WMT,20050331,1600,50.2740,50.4127,49.5905,49.6400,15975900
WMT,20050401,1600,49.7782,50.0258,48.0446,48.5300,29161300
WMT,20050404,1600,48.8707,49.1481,48.2664,48.9500,17573600
WMT,20050405,1600,49.0911,49.3289,48.7741,49.2100,13083100
WMT,20050406,1600,49.4165,49.4858,48.8914,49.0400,14464500
WMT,20050407,1600,48.8263,48.8263,48.0041,48.4400,25792300
WMT,20050408,1600,48.4469,48.5856,48.0705,48.1200,13173300
WMT,20050411,1600,48.1194,48.2482,47.7925,48.0600,11774800
WMT,20050412,1600,47.7540,48.3781,47.3280,48.1800,20094900
WMT,20050413,1600,48.3082,48.6352,48.0407,48.1200,12498000
WMT,20050414,1600,47.9459,49.0356,47.4704,47.5100,19744500
WMT,20050415,1600,47.5175,47.7849,47.0420,47.2500,17211300
WMT,20050418,1600,47.4597,47.5092,47.1031,47.4300,15085200
WMT,20050419,1600,47.3086,47.4473,46.7439,47.1600,14637100
WMT,20050420,1600,46.9595,47.5044,46.8605,46.9100,13978400
WMT,20050421,1600,47.4390,47.4588,47.0526,47.3300,10436600
WMT,20050422,1600,47.0337,47.1229,46.2115,46.3700,23246900
WMT,20050425,1600,46.6196,46.9961,46.4611,46.5800,13741200
WMT,20050426,1600,46.5600,46.7383,46.4609,46.5600,11741600
WMT,20050427,1600,46.2655,47.0283,46.2160,46.8500,10899400
WMT,20050428,1600,46.5803,47.1450,46.4911,46.6100,12062500
WMT,20050429,1600,46.7099,46.8387,45.7688,46.7000,16996600
WMT,20050502,1600,47.0330,47.4491,46.8745,47.3500,11673500
WMT,20050503,1600,47.1277,48.0491,47.0980,47.9500,14666900
WMT,20050504,1600,47.9505,48.1585,47.7920,48.0000,12170900
WMT,20050505,1600,47.9020,48.7640,47.8624,48.1200,10836700
WMT,20050506,1600,48.3910,48.6882,48.1929,48.5000,10242300
WMT,20050509,1600,48.4433,48.9980,48.4433,48.7900,10191500
WMT,20050510,1600,48.5374,48.5572,48.0817,48.2600,9501300
WMT,20050511,1600,48.2986,48.4869,47.6844,48.1500,10346300
WMT,20050512,1600,46.3580,47.4179,46.1599,47.2000,32523500
WMT,20050513,1600,46.9575,47.1061,46.4919,46.6900,12544900
WMT,20050516,1600,46.6908,47.0475,46.2748,46.7800,11505300
WMT,20050517,1600,46.6591,46.9364,46.4907,46.5600,16559100
WMT,20050518,1600,46.8030,47.3795,46.6837,47.2900,18465100
WMT,20050519,1600,47.5380,47.6772,47.0113,47.2200,10418800
WMT,20050520,1600,47.1086,47.1484,46.7409,46.8900,10135900
WMT,20050523,1600,47.0333,47.7289,46.9736,47.5500,11658500
WMT,20050524,1600,47.4495,47.5588,47.2705,47.3600,7895800
WMT,20050525,1600,47.2287,47.5566,46.8510,47.0100,9483200
WMT,20050526,1600,47.1591,47.2088,46.9306,47.0200,7287300
WMT,20050527,1600,46.9502,47.0297,46.8707,46.9800,5618600
WMT,20050531,1600,47.1586,47.1785,46.8406,46.9400,11405800
WMT,20050601,1600,46.9542,47.8684,46.9443,47.6200,10936200
WMT,20050602,1600,47.5424,48.1386,47.5324,47.9200,9491200
WMT,20050603,1600,47.8054,47.8650,47.0004,47.0600,10523500
WMT,20050606,1600,47.0623,47.8475,46.9232,47.4400,8885000
WMT,20050607,1600,47.6588,47.7980,47.4501,47.4700,8321700
WMT,20050608,1600,47.5881,47.5881,47.0116,47.2800,8326000
WMT,20050609,1600,47.2517,47.7982,47.1523,47.5200,9485100
WMT,20050610,1600,47.5011,47.7297,47.3421,47.6800,8689400
WMT,20050613,1600,47.7017,48.4073,47.6918,47.9800,12273300
WMT,20050614,1600,48.1179,49.3998,48.0980,49.3700,16154100
WMT,20050615,1600,49.6990,49.9872,49.0829,49.5400,15782900
WMT,20050616,1600,49.3979,49.6464,48.9307,49.0500,10093200
WMT,20050617,1600,48.3318,49.4450,48.3318,48.6300,16994400
WMT,20050620,1600,48.2618,48.6594,48.2519,48.5600,7629200
WMT,20050621,1600,48.6971,48.7865,48.2101,48.2300,8500700
WMT,20050622,1600,48.4006,48.6291,48.0030,48.4900,10602100
WMT,20050623,1600,48.4843,48.5837,47.5005,47.5800,11181000
WMT,20050624,1600,47.5272,47.5571,46.9508,47.0800,15712200
WMT,20050627,1600,47.0809,47.4089,47.0710,47.2300,7980900
WMT,20050628,1600,47.4045,48.3387,47.3648,48.1300,9393200
WMT,20050629,1600,48.2996,48.7468,48.2002,48.2400,10296200
WMT,20050630,1600,48.0391,48.6950,47.7708,47.9000,10495200
WMT,20050701,1600,47.9502,48.2284,47.8508,47.9800,9532700
WMT,20050705,1600,49.0925,49.5894,48.9534,49.4900,15367800
WMT,20050706,1600,49.6167,49.6267,48.9210,49.0800,10853400
WMT,20050707,1600,48.7429,49.5677,48.6932,49.2000,11715000
WMT,20050708,1600,49.0732,49.6894,48.9440,49.5900,9375300
WMT,20050711,1600,49.5397,49.7683,49.2912,49.4900,8881800
WMT,20050712,1600,49.3527,49.9191,49.3228,49.7800,8652500
WMT,20050713,1600,49.6412,49.9294,49.5815,49.8300,8771900
WMT,20050714,1600,50.0112,50.3789,49.8025,50.2000,10083800
WMT,20050715,1600,50.0493,50.1090,49.6518,49.9400,9095000
WMT,20050718,1600,49.8688,50.0378,49.6402,49.6800,8042500
WMT,20050719,1600,49.6786,49.8376,49.2512,49.4500,9577000
WMT,20050720,1600,49.2428,49.7496,48.9943,49.6900,9158200
WMT,20050721,1600,49.3881,49.3881,48.6924,49.0800,12498700
WMT,20050722,1600,49.1803,49.4089,48.9518,49.2300,7736600
WMT,20050725,1600,49.2294,49.5574,49.0009,49.1400,6598700
WMT,20050726,1600,49.3293,49.5579,49.2101,49.2200,7431800
WMT,20050727,1600,49.2018,49.6987,49.1422,49.4900,6693500
WMT,20050728,1600,49.6392,49.6690,49.2417,49.5100,6516000
WMT,20050729,1600,49.3979,49.6861,49.0301,49.0500,6815700
WMT,20050801,1600,49.3094,49.4386,49.1306,49.2200,6944300
WMT,20050802,1600,49.3409,49.5596,49.1422,49.4900,6330200
WMT,20050803,1600,49.2209,49.4296,49.1613,49.3700,10585300
WMT,20050804,1600,49.3876,49.5367,48.9403,48.9900,9265600
WMT,20050805,1600,48.8013,49.2983,48.7318,49.0200,9285300
WMT,20050808,1600,49.1780,49.2376,48.8003,48.8500,7226200
WMT,20050809,1600,48.8504,49.2579,48.7908,48.9200,7797200
WMT,20050810,1600,49.0071,49.4444,48.4605,48.5400,10971100
WMT,20050811,1600,48.7295,48.9979,48.3518,48.6500,9560900
WMT,20050812,1600,48.5193,48.7975,48.2609,48.4000,10298800
WMT,20050815,1600,48.5217,48.8497,48.2037,48.8000,10345200
WMT,20050816,1600,47.7670,47.9062,46.8626,47.2800,29758300
WMT,20050817,1600,47.1694,47.4685,46.9700,46.9700,11811600
WMT,20050818,1600,47.0402,47.3193,46.3622,47.1000,8477200
WMT,20050819,1600,47.2376,47.2376,46.3702,46.4400,14443800
WMT,20050822,1600,46.7194,47.0484,46.1910,46.5300,10222200
WMT,20050823,1600,46.2897,46.5091,46.1601,46.2000,8823400
WMT,20050824,1600,46.2075,46.3172,45.3302,45.4100,15640100
WMT,20050825,1600,45.6883,45.8080,45.0204,45.1500,12566900
WMT,20050826,1600,45.1812,45.9089,45.0715,45.5600,14597000
WMT,20050829,1600,45.3006,45.8091,45.1511,45.5100,10575800
WMT,20050830,1600,45.2195,45.3590,44.6114,45.0500,22993500
WMT,20050831,1600,45.1490,45.1589,44.5608,44.8200,21881200
WMT,20050901,1600,44.8102,44.9996,44.5809,44.8600,16940600
WMT,20050902,1600,45.0081,45.0380,44.3901,44.4100,11796400
WMT,20050906,1600,44.7126,45.5899,44.6627,45.5500,16944800
WMT,20050907,1600,45.6901,45.8396,45.2215,45.7200,13345700
WMT,20050908,1600,45.4608,45.7200,45.1816,45.7200,10544300
WMT,20050909,1600,45.5107,45.9793,44.7630,45.7500,10780500
WMT,20050912,1600,45.5805,45.9893,45.4110,45.7500,11434300
WMT,20050913,1600,46.3356,46.3356,44.8901,44.9300,16434100
WMT,20050914,1600,45.0385,45.1581,44.4304,44.5600,15362900
WMT,20050915,1600,44.5689,44.6686,44.1003,44.1900,18444400
WMT,20050916,1600,44.0790,44.3382,43.7001,43.7400,96786800
WMT,20050919,1600,43.8700,44.1093,43.6906,43.8800,34095500
WMT,20050920,1600,43.9474,44.0172,42.9604,43.0800,26317500
WMT,20050921,1600,42.8884,43.0080,42.3002,42.3600,27188000
WMT,20050922,1600,42.3222,43.3990,42.1826,43.0600,22190000
WMT,20050923,1600,43.1697,43.5186,42.7410,43.0700,18215400
WMT,20050926,1600,43.6380,43.6978,42.8903,42.9800,15623500
WMT,20050927,1600,43.3189,43.3189,42.7706,42.9700,14359500
WMT,20050928,1600,42.9202,43.2692,42.6311,43.0000,18555900
WMT,20050929,1600,43.1607,43.4499,42.8816,43.4100,16016000
WMT,20050930,1600,43.3510,43.7399,43.2214,43.6900,13653300
WMT,20051003,1600,44.0188,44.2880,43.5602,43.6300,16613900
WMT,20051004,1600,43.6303,44.1587,43.6303,43.7200,13798200
WMT,20051005,1600,43.8386,43.8386,43.3700,43.3700,14243200
WMT,20051006,1600,43.8199,44.3185,43.1719,43.8000,20465700
WMT,20051007,1600,43.8900,44.0994,43.6208,43.9000,12259400
WMT,20051010,1600,44.5296,44.8586,44.3103,44.4000,18902100
WMT,20051011,1600,44.8501,45.0594,44.4115,44.8800,17153300
WMT,20051012,1600,44.9196,45.0093,44.4611,44.8000,15741300
WMT,20051013,1600,44.7596,44.9589,44.4705,44.6200,12455900
WMT,20051014,1600,45.0396,45.1193,44.4614,44.9000,11857800
WMT,20051017,1600,45.1399,45.1498,44.7012,45.1000,9794300
WMT,20051018,1600,45.0598,45.3589,44.9003,44.9900,11988100
WMT,20051019,1600,44.9926,45.9298,44.6437,45.8500,17058200
WMT,20051020,1600,46.0083,46.4270,45.2606,45.4600,18926800
WMT,20051021,1600,45.6398,45.9588,45.4604,45.5800,13367300
WMT,20051024,1600,45.9504,46.2096,45.5715,46.0700,10366800
WMT,20051025,1600,45.8182,45.9379,45.1104,45.2500,14979100
WMT,20051026,1600,45.0313,45.8388,44.9216,45.4400,11912100
WMT,20051027,1600,45.2978,45.5371,44.5801,44.6000,12430300
WMT,20051028,1600,44.8516,45.4098,44.6223,45.3600,12353000
WMT,20051031,1600,45.9636,47.4093,45.8539,47.1700,22501700
WMT,20051101,1600,46.9796,47.0893,46.6905,46.8500,11783500
WMT,20051102,1600,46.6124,47.6294,46.4728,47.4200,12558400
WMT,20051103,1600,47.8584,47.9880,46.9909,47.3100,16028500
WMT,20051104,1600,47.2609,47.6098,46.9418,47.5500,10464700
WMT,20051107,1600,47.7704,48.0396,47.6009,47.9000,12175100
WMT,20051108,1600,47.6594,47.7093,47.2307,47.4700,7506200
WMT,20051109,1600,47.3821,48.2195,47.1727,48.0500,13416200
WMT,20051110,1600,48.1024,49.1492,48.0027,48.8900,18937600
WMT,20051111,1600,49.0095,49.3285,48.6207,48.8500,12118600
WMT,20051114,1600,49.2597,49.5388,48.8609,49.1500,13834200
WMT,20051115,1600,48.6499,48.9690,48.1614,48.6300,16849600
WMT,20051116,1600,48.6303,49.0490,48.1817,48.7300,11752200
WMT,20051117,1600,48.8906,49.1498,48.7112,49.0900,6703500
WMT,20051118,1600,49.5095,49.6491,48.8615,49.3500,13152300
WMT,20051121,1600,49.3902,49.6495,49.2606,49.4700,9840200
WMT,20051122,1600,49.1926,50.0799,48.5744,50.0500,15482700
WMT,20051123,1600,50.1508,50.5696,49.9215,50.4200,11904600
WMT,20051125,1600,50.5394,50.7189,50.1705,50.3400,6317300
WMT,20051128,1600,50.4681,50.5080,49.6805,49.8500,16693100
WMT,20051129,1600,49.8569,49.9467,48.6706,48.8600,18482900
WMT,20051130,1600,48.9683,49.0281,48.3801,48.4100,11770000
WMT,20051201,1600,48.4383,48.5978,47.3816,47.8800,23882800
WMT,20051202,1600,47.6804,48.3085,47.3614,47.8200,10951700
WMT,20051205,1600,47.7478,47.7478,46.9501,47.0000,20066700
WMT,20051206,1600,47.2706,47.7791,47.1809,47.4800,20522000
WMT,20051207,1600,47.6599,47.9191,47.2810,47.6100,10770200
WMT,20051208,1600,47.6198,47.7395,47.3606,47.5600,12361400
WMT,20051209,1600,47.4515,48.3088,47.4316,47.9300,11183800
WMT,20051212,1600,48.2010,48.7294,48.1512,48.5300,15462000
WMT,20051213,1600,48.2532,49.5593,48.2134,49.3200,20294200
WMT,20051214,1600,49.4600,49.6900,49.1400,49.5100,12293200
WMT,20051215,1600,49.3800,49.5500,48.8200,49.2600,9213400
WMT,20051216,1600,49.5800,49.6300,49.0500,49.2700,12616000
WMT,20051219,1600,49.1200,49.7400,48.9000,48.9600,9458000
WMT,20051220,1600,48.8400,48.9500,48.4400,48.6000,9339200
WMT,20051221,1600,48.8500,48.9400,48.4700,48.6500,7799100
WMT,20051222,1600,48.6500,48.8000,48.3600,48.6000,6699000
WMT,20051223,1600,48.5000,48.5800,48.1700,48.3400,7157400
WMT,20051227,1600,48.4100,48.4500,47.3600,47.7300,13065500
WMT,20051228,1600,47.8400,48.3000,47.7500,47.8400,7262500
WMT,20051229,1600,47.8700,48.0200,47.4200,47.4800,7720600
WMT,20051230,1600,47.4700,47.4700,46.7500,46.8000,10423200
WMT,20060103,1600,46.3600,46.6600,45.5700,46.2300,23413500
WMT,20060104,1600,46.2400,46.5000,46.1000,46.3200,14087200
WMT,20060105,1600,46.0000,46.4000,45.2900,45.6900,20758200
WMT,20060106,1600,45.6900,45.8800,45.1000,45.8800,21129800
WMT,20060109,1600,45.8900,46.1500,45.5600,45.7100,14877400
WMT,20060110,1600,45.5000,46.0300,45.4600,45.8600,13422200
WMT,20060111,1600,46.0600,46.6000,45.7600,46.5700,14179300
WMT,20060112,1600,46.2500,46.3900,45.6700,45.7400,11425000
WMT,20060113,1600,45.6800,45.8900,45.3100,45.4000,10259300
WMT,20060117,1600,45.4000,45.4200,44.7000,44.9500,17117900
WMT,20060118,1600,44.6500,45.3900,44.6100,45.1800,13191600
WMT,20060119,1600,45.1800,45.8900,45.0600,45.8000,18141600
WMT,20060120,1600,45.6400,45.7000,44.8100,45.0000,19353600
WMT,20060123,1600,45.0000,45.4700,44.5400,45.2500,15611000
WMT,20060124,1600,45.5500,45.9100,45.5000,45.7200,18185800
WMT,20060125,1600,45.7000,46.1700,45.6600,45.9700,18986500
WMT,20060126,1600,46.2100,46.5100,45.8300,46.3200,16798500
